2,13,5,4,1,22,24,21,9,3,18,19,8,11,10,16,14,7,20,0,23,12,15,17,6     121257 80.15  87 18 22 22 25 3,7,8,11,12,15 10,16,17,20,21,22 1,2,4,5,6,9 13,14,18,19,23,24
1,11,8,14,18,3,6,21,22,5,24,9,16,20,23,7,13,10,4,12,2,19,17,0,15     317407 80.29  89 21 23 20 25 3,7,8,9,14,18 4,12,13,17,19,22 1,2,5,6,10,11 15,16,20,21,23,24
20,0,7,23,13,10,16,17,2,19,9,8,18,14,6,4,15,5,1,24,3,22,12,11,21          7 78.44  87 17 21 25 24 2,6,7,13,14,19 10,12,16,17,20,23 1,5,8,9,11,18 3,4,15,21,22,24
7,22,14,19,23,10,0,5,21,4,13,6,2,18,9,8,16,15,1,17,11,24,12,20,3          3 79.67  84 22 18 22 22 1,2,5,6,10,22 9,12,13,17,18,23 3,4,7,14,19,21 8,11,15,16,20,24
1,14,13,3,15,17,10,18,0,9,5,22,16,2,19,20,24,23,4,8,7,11,21,12,6      57405 80.85  76 19 23 18 16 3,4,8,9,13,14 7,11,15,16,17,20 1,2,5,6,10,12 18,19,21,22,23,24
23,11,19,2,9,5,1,21,18,15,13,10,8,22,3,6,24,20,16,14,4,12,7,17,0       5895 79.72  82 21 23 17 21 4,8,9,14,18,19 3,16,17,21,22,23 1,2,5,6,11,15 7,10,12,13,20,24
22,19,8,9,3,24,7,10,1,17,4,12,2,0,11,6,13,16,20,15,5,14,23,21,18   23521156 81.13  85 19 21 19 26 3,4,8,9,13,14 11,12,15,16,17,20 1,2,5,6,7,10 18,19,21,22,23,24
19,2,7,5,1,20,12,9,23,22,15,8,16,18,11,21,17,10,14,24,13,4,6,3,0     393960 79.71  82 19 17 21 25 1,2,5,7,15,20 6,10,11,16,17,21 4,8,9,12,13,14 3,18,19,22,23,24
5,1,20,9,12,6,10,11,15,17,23,8,21,7,3,13,16,19,22,4,2,24,0,14,18        471 79.97  76 20 20 17 19 10,11,15,16,20,21 7,8,12,14,17,22 1,2,3,4,5,9 6,13,18,19,23,24
14,0,7,18,13,1,21,10,12,4,5,17,15,2,23,19,8,16,22,24,20,9,6,11,3       2520 80.37  77 23 20 17 17 4,7,8,9,13,14 11,15,16,17,19,22 1,2,5,6,10,12 3,18,20,21,23,24
2,3,4,19,7,15,17,11,0,24,9,1,8,12,13,10,5,22,16,20,23,6,14,18,21       4425 80.56  74 17 21 18 18 1,2,5,6,10,15 16,18,20,21,22,23 3,4,7,8,9,11 12,13,14,17,19,24
19,24,7,14,8,11,6,4,5,10,0,17,2,18,16,9,1,3,23,20,22,15,13,21,12        418 80.08  88 21 20 22 25 1,5,6,10,11,15 4,12,13,17,18,19 2,3,7,8,9,14 16,20,21,22,23,24
6,0,10,13,24,23,18,11,3,2,17,22,7,19,14,16,12,9,20,8,1,5,21,15,4      30649 80.61  81 18 22 19 22 15,16,17,20,21,22 9,11,12,13,18,23 1,2,5,6,7,10 3,4,8,14,19,24
21,7,11,9,12,2,13,17,15,19,22,10,14,1,3,16,0,20,24,23,8,5,4,18,6    1069516 80.60  84 19 23 22 20 3,4,9,14,17,19 11,15,16,20,21,22 1,2,5,6,7,10 8,12,13,18,23,24
7,24,16,1,22,19,14,15,11,13,23,10,6,4,2,3,9,17,20,21,18,12,5,8,0        294 79.70 100 26 22 22 30 2,8,9,13,14,20 3,4,7,11,12,21 1,5,6,10,15,16 17,18,19,22,23,24
8,17,24,23,10,19,4,3,11,6,1,12,22,14,18,21,0,5,2,7,15,16,20,9,13       5835 80.70  86 20 14 26 26 3,4,8,11,12,17 9,15,16,20,21,22 1,2,5,6,7,10 13,14,18,19,23,24
20,16,19,0,22,17,24,5,6,23,4,1,2,21,11,10,9,12,14,13,7,8,3,18,15        183 79.74  97 24 24 27 22 3,11,12,15,17,21 2,6,7,10,20,22 1,4,5,8,9,16 13,14,18,19,23,24
10,11,23,6,2,15,9,16,18,21,5,14,0,17,19,3,12,8,4,7,20,1,22,13,24   38602059 81.36  72 22 15 20 15 3,4,7,8,9,12 15,16,17,20,21,22 1,2,5,6,10,11 13,14,18,19,23,24
10,18,5,0,14,16,24,17,11,23,19,21,1,13,3,7,12,4,20,9,8,22,2,15,6       1044 79.75  93 19 27 22 25 2,7,10,12,16,17 1,5,6,11,15,23 3,4,8,9,13,14 18,19,20,21,22,24
3,16,6,23,17,14,13,4,20,15,2,0,22,12,1,24,9,11,8,10,5,18,19,21,7       3370 79.59  97 25 26 22 24 1,5,7,18,19,21 11,15,16,17,20,22 2,3,4,6,9,10 8,12,13,14,23,24
4,21,13,6,10,2,19,23,7,8,12,3,16,11,24,5,9,20,14,15,1,0,22,17,18      57736 80.37  81 20 22 22 17 3,11,12,14,15,16 4,8,9,13,18,19 1,2,5,6,7,10 17,20,21,22,23,24
10,4,2,13,5,11,8,20,21,23,22,3,0,24,16,18,15,17,12,19,1,9,14,7,6         48 77.59  90 20 27 22 21 3,6,7,10,11,19 1,9,15,20,22,23 2,4,5,8,13,14 12,16,17,18,21,24
13,0,8,21,14,15,19,9,3,7,1,6,12,16,18,4,5,23,24,17,20,10,11,2,22        696 80.35  79 23 19 21 16 1,2,5,6,10,15 9,17,18,19,22,23 3,4,7,8,12,13 11,14,16,20,21,24
17,0,8,24,18,15,11,16,14,19,10,7,23,20,21,3,6,9,4,1,5,12,13,2,22       1204 80.28  93 26 25 20 22 1,2,5,6,10,15 12,16,17,18,20,21 3,7,8,9,11,13 4,14,19,22,23,24
23,0,13,8,18,2,7,17,4,11,1,5,16,22,9,6,20,24,21,15,14,3,19,12,10  274179906 80.96  81 19 22 21 19 3,4,7,8,9,14 12,13,17,18,22,23 1,2,5,6,10,11 15,16,19,20,21,24
6,14,24,21,15,17,2,10,8,13,11,22,12,4,5,23,1,9,3,20,7,0,19,18,16        252 79.72  91 27 20 21 23 1,4,5,7,9,20 3,8,12,13,14,21 2,6,10,11,15,17 16,18,19,22,23,24
5,12,15,7,1,19,13,9,17,20,11,21,8,3,10,18,24,22,14,16,2,0,23,4,6          1 77.82  89 22 26 21 20 1,2,3,7,9,17 5,6,15,16,18,19 4,8,10,12,13,14 11,20,21,22,23,24
8,5,12,22,11,7,14,20,19,9,17,15,10,0,6,3,23,4,13,24,2,1,21,18,16       2431 79.99  85 23 22 25 15 1,6,7,10,11,12 15,16,17,20,21,22 2,3,4,5,8,9 13,14,18,19,23,24
17,5,12,22,6,16,9,24,18,3,8,13,2,4,19,7,10,23,20,1,21,0,11,14,15       1122 80.49  83 22 20 22 19 3,7,8,13,17,22 11,15,16,20,21,23 1,2,5,6,10,12 4,9,14,18,19,24
0,16,24,2,9,15,8,7,5,23,19,22,12,17,14,1,13,20,21,4,10,18,11,3,6        208 78.64  84 18 17 24 25 3,4,9,14,20,21 11,12,13,17,18,23 1,2,6,10,15,16 5,7,8,19,22,24
22,5,11,9,14,3,7,23,0,6,18,21,1,17,16,10,15,2,13,4,20,19,24,8,12       9886 80.31  76 19 22 17 18 3,15,18,20,21,22 8,11,12,16,17,23 1,2,5,6,7,10 4,9,13,14,19,24
7,5,14,1,20,6,10,13,15,12,21,8,17,18,22,23,16,19,2,0,3,24,4,9,11     967675 80.93  85 26 23 18 18 3,4,7,8,9,12 15,16,17,20,21,23 1,2,5,6,10,11 13,14,18,19,22,24
2,22,24,23,6,1,4,20,14,3,15,17,19,5,13,10,12,8,16,21,18,11,0,7,9        114 80.04  84 18 21 20 25 10,11,12,15,17,18 4,8,9,13,14,23 1,2,3,5,6,7 16,19,20,21,22,24
3,22,15,21,14,12,7,18,6,19,11,16,10,2,4,23,8,5,0,17,9,13,1,24,20         15 79.53  92 22 21 29 20 3,10,11,15,16,21 6,7,8,12,13,22 1,2,4,5,9,14 17,18,19,20,23,24
4,18,2,3,16,6,20,15,9,24,23,10,8,1,22,21,7,17,12,19,11,5,13,0,14       2152 80.39  81 21 23 16 21 11,16,17,20,21,22 1,5,6,10,15,23 2,3,4,7,8,9 12,13,14,18,19,24
17,1,22,3,8,2,21,19,0,11,10,15,6,18,14,9,20,16,12,24,7,23,13,5,4       4504 80.74  76 18 19 20 19 11,12,13,16,17,18 15,19,20,21,22,23 1,2,5,6,7,10 3,4,8,9,14,24
19,20,16,23,1,5,2,3,22,12,6,7,9,11,15,10,14,21,0,4,13,18,17,8,24       8595 79.59  80 23 18 17 22 10,14,15,16,20,21 1,2,3,5,8,23 4,6,7,9,11,12 13,17,18,19,22,24
9,17,19,24,13,21,3,10,5,22,18,2,16,11,7,6,8,15,14,1,12,23,4,20,0      63063 79.35  96 20 27 24 25 6,7,8,11,14,15 1,5,10,20,21,23 2,3,4,9,12,13 16,17,18,19,22,24
17,1,24,2,20,23,3,0,5,11,9,4,18,19,15,10,8,13,7,16,6,22,14,21,12         10 79.58  95 22 22 21 30 7,8,9,10,12,16 4,13,14,15,18,19 1,2,3,5,6,11 17,20,21,22,23,24
16,8,19,24,1,22,13,4,7,3,15,11,0,17,5,18,9,21,20,14,12,6,23,2,10       1794 80.16  88 24 22 20 22 1,5,6,10,11,15 2,16,17,18,20,21 3,4,7,8,9,12 13,14,19,22,23,24
3,7,15,6,8,22,17,11,18,24,2,21,4,23,16,5,13,12,10,14,0,19,20,1,9      15907 79.63  86 27 19 18 22 1,5,10,11,15,19 12,16,17,20,21,22 2,3,4,7,8,13 6,9,14,18,23,24
22,18,21,6,17,7,15,20,11,5,8,1,4,14,12,0,3,24,10,23,13,2,9,19,16    1036962 80.81  99 25 27 24 23 3,4,8,9,12,14 11,15,17,20,21,22 1,2,5,6,7,10 13,16,18,19,23,24
6,0,13,20,11,23,14,16,8,21,10,7,19,17,24,3,5,2,15,1,18,4,22,12,9      90336 79.79  95 26 19 21 29 8,11,12,16,20,21 2,15,17,18,19,22 1,3,5,6,7,10 4,9,13,14,23,24
5,8,0,6,15,1,4,16,12,10,22,21,7,17,18,24,2,14,11,3,19,23,9,20,13     328356 80.03  84 17 22 22 23 3,7,11,12,16,21 13,14,18,19,20,23 1,2,5,6,10,15 4,8,9,17,22,24
10,21,2,9,16,19,14,13,12,24,7,17,1,8,20,4,23,5,0,22,18,15,11,3,6       6930 80.37  92 26 25 20 21 1,4,5,9,15,20 2,6,10,11,16,21 3,7,8,12,13,14 17,18,19,22,23,24
9,3,11,7,24,1,4,0,20,17,14,13,16,12,18,8,21,23,19,6,5,10,2,15,22     631236 80.75  83 24 20 22 17 3,4,7,8,9,15 12,13,14,16,20,21 1,2,5,6,10,11 17,18,19,22,23,24
23,20,2,18,1,6,10,12,3,0,14,5,21,4,13,11,8,19,16,17,15,22,24,9,7        226 80.10  77 18 21 19 19 3,4,11,13,14,18 1,2,5,6,10,20 7,8,9,12,15,16 17,19,21,22,23,24
17,9,1,0,23,2,6,16,11,15,19,3,20,22,13,21,10,8,12,7,18,5,14,4,24     326592 80.42  85 18 27 18 22 7,8,11,12,13,22 15,16,17,18,20,23 1,2,5,6,10,21 3,4,9,14,19,24
0,20,11,4,16,1,12,7,5,17,24,2,19,8,14,13,21,10,3,15,22,23,18,9,6         90 79.89  82 15 23 22 22 4,8,9,14,18,19 13,15,16,17,21,22 2,3,6,7,10,11 1,5,12,20,23,24
18,11,3,19,23,10,7,5,24,8,17,15,21,16,0,6,2,22,4,20,9,12,14,1,13      68691 80.79  88 22 19 21 26 2,3,4,8,9,12 15,16,17,20,21,22 1,5,6,7,10,11 13,14,18,19,23,24
8,9,1,13,14,22,21,17,5,15,0,2,20,18,3,11,23,7,16,19,12,24,10,4,6         21 79.42  88 20 20 24 24 2,7,16,17,20,21 3,4,13,14,18,23 1,5,6,8,10,11 9,12,15,19,22,24
12,6,4,0,2,22,10,3,17,18,20,16,9,19,7,11,24,14,15,8,1,21,13,5,23      32212 79.99  77 16 22 18 21 3,8,9,13,14,19 1,5,11,16,20,21 2,4,6,7,10,12 15,17,18,22,23,24
16,23,1,14,20,4,10,8,5,18,21,9,3,15,24,0,22,7,13,12,17,11,2,19,6     265278 80.44  87 27 20 21 19 2,6,7,10,12,20 11,15,16,17,21,22 1,3,4,5,8,9 13,14,18,19,23,24
8,2,7,12,10,21,11,14,6,22,24,0,5,23,15,3,1,19,20,16,18,4,13,9,17    1470435 80.58  95 27 26 17 25 3,4,8,9,13,14 10,15,16,19,20,21 1,2,5,6,7,11 12,17,18,22,23,24
1,6,16,19,14,13,11,15,18,21,12,20,7,4,17,10,9,23,24,8,5,2,0,3,22         15 79.49  80 22 20 20 18 3,4,8,14,18,19 1,5,10,16,20,21 2,6,7,11,13,15 9,12,17,22,23,24
24,10,8,13,12,7,2,9,5,14,18,0,20,19,17,1,11,15,3,21,23,6,22,4,16        352 79.90  85 19 22 20 24 3,4,8,9,13,14 6,11,15,16,18,20 1,2,5,7,10,12 17,19,21,22,23,24
11,0,2,14,24,19,21,20,3,5,15,23,13,4,22,10,8,6,9,17,7,18,16,12,1          9 79.59  89 24 19 21 25 11,14,16,19,20,21 12,13,17,18,22,23 6,7,8,9,10,15 1,2,3,4,5,24
2,21,20,11,10,15,4,24,6,22,1,0,7,3,14,19,18,9,8,5,16,17,13,12,23        252 79.35  85 25 17 25 18 4,6,16,20,21,22 12,13,17,18,19,23 1,2,5,10,11,15 3,7,8,9,14,24
6,2,24,0,19,14,13,11,18,12,3,21,5,4,20,8,1,22,9,16,10,23,17,15,7       1234 80.57  87 28 20 15 24 3,7,8,12,13,14 15,17,20,21,22,23 1,2,5,6,10,11 4,9,16,18,19,24
19,3,6,9,11,10,0,13,5,24,23,8,18,17,7,15,21,12,20,16,4,14,1,2,22       5421 80.72  88 22 19 23 24 3,4,8,9,13,14 12,16,17,18,22,23 1,2,5,6,7,10 11,15,19,20,21,24
7,0,17,23,16,15,9,3,12,14,18,13,11,10,8,1,19,6,4,2,24,22,21,5,20       4840 80.36  91 18 21 27 25 7,8,11,12,13,16 3,4,9,14,17,18 1,2,5,6,10,15 19,20,21,22,23,24
3,21,19,16,5,20,12,0,11,18,24,13,14,22,4,6,8,7,17,23,2,15,10,1,9       1440 80.10  89 23 19 25 22 2,6,10,15,18,20 7,11,12,16,17,21 1,3,4,5,8,9 13,14,19,22,23,24
14,13,0,19,9,24,18,10,4,5,8,6,7,11,22,2,12,17,3,23,20,16,15,1,21       7140 80.74  82 20 13 27 22 3,7,11,12,13,14 15,16,17,20,21,22 1,2,5,6,8,10 4,9,18,19,23,24
20,21,23,11,8,0,24,19,15,10,3,12,7,4,2,17,18,5,22,1,9,16,14,13,6        703 79.75  99 23 21 30 25 10,12,14,15,18,19 11,16,17,20,21,22 1,2,3,4,5,6 7,8,9,13,23,24
0,11,4,1,23,10,2,19,6,7,24,21,3,15,12,14,17,8,5,22,16,18,20,9,13        223 79.52  82 16 21 20 25 10,15,16,20,21,22 12,13,14,17,18,23 3,6,7,8,9,19 1,2,4,5,11,24
22,2,21,8,3,18,5,1,10,13,14,4,12,23,24,20,0,9,6,19,11,16,7,15,17       4231 80.71  78 22 19 17 20 4,8,9,13,14,15 7,11,12,16,20,21 1,2,3,5,6,10 17,18,19,22,23,24
19,17,5,0,7,1,9,20,23,10,2,18,3,13,14,8,12,16,21,4,11,6,15,24,22    1483818 79.91  81 18 22 18 23 6,7,11,12,16,17 1,2,5,10,15,23 3,4,8,9,13,14 18,19,20,21,22,24
19,1,20,2,4,7,10,8,15,24,9,3,18,5,16,12,17,11,0,22,13,21,6,23,14        679 80.12  82 21 19 18 24 11,12,13,16,17,18 2,6,7,10,20,21 1,3,4,5,8,9 14,15,19,22,23,24
13,14,3,16,11,12,23,21,19,0,18,15,10,1,24,6,9,4,2,7,17,8,20,5,22    2522520 80.10  93 19 24 28 22 2,6,10,15,18,20 7,11,12,16,17,21 1,3,4,5,8,9 13,14,19,22,23,24
15,18,14,13,11,5,23,12,7,24,0,22,2,21,3,9,20,16,17,4,8,6,10,1,19     305424 80.59  86 24 20 22 20 3,7,8,9,13,14 11,15,16,18,20,21 1,2,5,6,10,12 4,17,19,22,23,24
5,21,0,11,12,23,6,7,1,24,9,8,17,13,3,18,10,4,19,20,16,2,14,15,22       6816 80.30  82 14 25 23 20 1,5,6,10,17,18 11,12,15,16,20,21 2,3,4,7,8,9 13,14,19,22,23,24
4,8,6,11,1,17,21,0,24,18,19,23,14,15,20,12,22,7,13,3,9,5,10,2,16      21439 80.43  97 25 21 28 23 14,15,16,17,20,21 7,8,9,11,12,22 1,2,4,5,6,10 3,13,18,19,23,24
0,2,9,17,11,15,21,5,12,8,22,3,19,16,18,6,14,7,24,1,20,4,10,23,13        636 80.46  82 20 22 22 18 3,7,8,11,12,17 4,9,16,20,21,22 1,2,5,6,10,15 13,14,18,19,23,24
3,13,10,15,11,6,16,5,21,23,7,14,8,24,18,1,9,22,2,4,17,12,19,0,20  362408508 81.09  83 20 24 20 19 3,4,8,9,13,14 11,12,15,16,17,21 1,2,5,6,7,10 18,19,20,22,23,24
23,16,15,2,14,3,4,1,6,7,13,17,0,20,5,10,12,8,21,24,18,19,9,11,22         31 79.92  86 20 22 24 20 10,12,13,15,17,20 7,8,9,11,16,21 1,2,3,4,5,6 14,18,19,22,23,24
7,5,0,12,18,10,9,8,19,6,3,14,22,4,17,15,23,16,13,24,2,11,20,21,1     219022 80.30  76 22 14 23 17 3,4,6,8,9,14 15,16,20,21,22,23 1,2,5,7,10,11 12,13,17,18,19,24
13,4,1,11,15,14,2,5,19,16,10,12,22,7,18,3,6,9,0,23,21,20,8,17,24      39690 80.28  80 20 23 24 13 6,7,8,11,12,13 10,14,15,16,20,21 1,2,3,4,5,9 17,18,19,22,23,24
17,22,20,19,2,23,3,9,10,16,12,8,1,4,18,24,14,0,7,15,11,5,21,13,6       4788 79.81  95 21 24 25 25 2,7,11,15,20,21 3,4,8,16,17,22 1,5,6,9,10,12 13,14,18,19,23,24
15,8,11,4,10,16,24,5,17,3,20,21,7,0,23,12,19,13,22,14,6,2,18,1,9       7371 79.99  81 25 21 14 21 1,5,10,12,15,16 2,6,7,11,20,21 3,4,8,9,13,14 17,18,19,22,23,24
14,5,11,18,9,23,15,0,1,10,2,16,22,12,13,24,4,19,6,20,7,8,17,21,3      51004 80.35  89 23 18 26 22 2,6,7,10,12,19 1,5,15,16,20,21 3,4,8,9,13,14 11,17,18,22,23,24
2,24,15,4,1,23,9,14,8,10,16,6,17,0,20,19,7,3,12,21,18,11,13,22,5        195 79.94  91 23 17 24 27 6,10,11,15,16,20 3,7,12,17,21,22 1,2,4,5,8,9 13,14,18,19,23,24
19,13,14,8,24,21,2,18,16,4,15,12,7,10,17,9,1,20,11,6,3,0,22,23,5      69454 80.20  91 25 24 17 25 13,14,16,17,18,19 1,5,15,20,21,22 2,6,7,10,11,12 3,4,8,9,23,24
8,7,19,15,22,12,3,13,9,0,20,24,17,16,23,2,21,4,18,10,1,14,5,11,6     376131 79.92  95 24 24 25 22 1,5,13,14,20,21 3,4,8,9,15,23 2,6,7,10,11,12 16,17,18,19,22,24
17,24,15,20,23,9,16,0,4,11,8,14,5,22,1,12,13,10,3,19,7,6,2,21,18    3850329 80.56  95 23 23 27 22 3,4,8,15,20,21 9,11,12,16,17,22 1,2,5,6,7,10 13,14,18,19,23,24
17,23,24,4,15,6,0,8,14,3,18,13,10,16,12,21,7,19,11,1,2,5,22,20,9       7555 79.91  88 25 18 22 23 2,4,11,15,16,17 8,9,12,13,14,18 1,3,5,6,7,10 19,20,21,22,23,24
0,11,21,12,1,15,22,3,5,6,8,23,13,9,14,2,4,20,19,10,18,24,16,17,7          4 80.12  88 24 22 24 18 2,7,8,12,13,22 16,17,18,20,21,23 1,5,6,10,11,15 3,4,9,14,19,24
12,17,6,24,0,23,16,1,22,2,8,21,20,10,4,5,7,18,3,9,14,11,19,13,15     280791 80.11  84 22 24 18 20 7,14,15,18,19,21 11,12,16,17,22,23 1,2,5,6,10,20 3,4,8,9,13,24
13,6,9,7,12,3,0,5,14,4,2,17,18,21,23,8,1,24,15,20,22,19,10,16,11     867525 81.13  84 23 21 23 17 3,4,7,8,12,13 15,16,17,20,21,22 1,2,5,6,10,11 9,14,18,19,23,24
12,9,1,11,24,19,3,5,7,15,0,14,23,21,2,20,22,18,8,16,6,4,17,13,10         49 80.15  92 20 27 24 21 8,12,13,14,18,19 2,6,10,11,15,20 1,3,4,5,7,9 16,17,21,22,23,24
2,16,20,23,22,13,5,14,18,12,19,15,0,11,10,6,1,7,8,4,3,9,17,24,21       9066 79.32  92 21 25 23 23 1,2,5,10,11,16 6,9,15,17,19,20 3,4,7,8,12,13 14,18,21,22,23,24
5,12,10,4,18,13,2,17,3,11,14,16,1,24,21,0,7,9,19,8,20,6,15,22,23     233886 80.18  69 20 19 15 15 1,5,6,10,11,15 7,14,16,17,20,21 2,3,4,8,9,13 12,18,19,22,23,24
1,5,22,12,0,24,19,7,4,2,18,9,15,16,14,17,23,20,10,21,3,13,11,6,8     174384 80.20  88 19 23 20 26 14,15,16,17,18,19 3,4,7,8,9,22 1,2,5,6,10,12 11,13,20,21,23,24
4,11,10,9,20,2,12,0,18,22,3,21,7,5,16,1,14,15,24,8,19,13,23,6,17       2772 79.34  87 24 27 19 17 1,4,5,13,17,19 14,15,16,20,21,22 2,3,7,10,11,12 6,8,9,18,23,24
7,21,18,15,14,9,11,12,17,19,23,1,3,20,10,0,2,8,5,24,22,13,4,6,16     505848 80.10  91 27 25 23 16 1,5,15,16,17,20 2,6,7,10,11,21 3,4,8,9,12,18 13,14,19,22,23,24
7,20,9,24,1,8,2,5,21,15,19,4,3,18,17,16,22,11,13,23,14,6,10,0,12     553762 81.10  89 24 23 21 21 3,4,8,9,12,14 11,15,16,20,21,22 1,2,5,6,7,10 13,17,18,19,23,24
7,13,19,15,11,4,9,22,17,10,2,23,24,20,1,12,18,0,21,8,16,5,6,3,14   11855844 80.03  95 24 23 27 21 11,15,16,17,20,21 6,8,9,10,12,22 1,2,3,4,5,7 13,14,18,19,23,24
11,21,22,18,9,15,1,13,5,2,4,3,20,16,10,17,14,7,23,6,12,8,19,0,24    3211992 81.11  81 22 21 23 15 3,4,8,9,13,14 12,15,16,17,20,21 1,2,5,6,10,11 7,18,19,22,23,24
14,17,5,24,22,6,1,15,16,21,11,9,23,3,10,8,18,2,20,19,0,7,4,13,12        292 78.91  98 25 23 23 27 4,10,11,15,18,20 2,3,7,8,13,23 1,5,6,12,14,17 9,16,19,21,22,24
7,8,13,16,19,3,11,23,5,4,15,14,24,18,0,17,9,10,2,21,22,1,12,6,20     144639 80.05  86 18 22 24 22 3,4,8,12,13,19 15,16,17,20,21,22 1,2,5,6,7,11 9,10,14,18,23,24
21,7,8,15,14,6,20,18,17,23,22,9,3,5,12,16,19,2,1,13,10,0,11,24,4       3037 79.94  85 20 22 23 20 2,6,7,10,11,21 15,16,17,20,22,23 1,3,5,8,12,18 4,9,13,14,19,24
6,21,18,17,0,4,7,13,8,22,20,19,23,3,9,12,11,16,10,24,15,1,2,5,14       3615 80.29  84 23 18 20 23 1,5,6,10,15,20 2,7,11,12,16,21 3,4,8,9,13,18 14,17,19,22,23,24
11,6,15,1,7,17,14,16,2,22,8,10,0,24,18,19,3,13,23,9,20,4,21,12,5        145 78.56  82 17 24 24 17 1,6,11,15,16,21 5,9,12,18,22,23 2,3,4,7,8,10 13,14,17,19,20,24
13,8,7,23,19,1,10,9,11,15,16,24,17,12,3,0,2,5,4,6,14,20,22,18,21       8638 80.08  81 18 20 21 22 3,4,7,8,9,19 2,15,16,20,21,22 1,5,6,10,11,13 12,14,17,18,23,24
12,8,20,17,1,22,14,18,16,2,6,0,7,11,10,5,15,23,4,24,9,21,19,13,3     375511 80.79  87 23 24 22 18 7,8,9,11,12,14 15,16,17,20,21,22 1,2,4,5,6,10 3,13,18,19,23,24
0,23,22,8,1,10,16,5,20,2,11,7,17,21,6,19,4,24,3,9,18,12,15,13,14   21479509 81.09  82 20 22 19 21 1,2,5,6,10,15 11,16,17,20,21,22 3,4,7,8,9,12 13,14,18,19,23,24
20,15,23,9,2,17,6,0,18,12,3,7,11,4,22,1,14,24,21,8,19,10,16,13,5     225999 80.14  85 21 21 24 19 4,8,9,14,18,19 3,7,11,13,17,23 1,2,5,6,10,15 12,16,20,21,22,24
0,22,17,12,24,11,14,6,2,8,20,13,23,18,9,1,10,3,19,21,15,5,7,4,16        108 79.79  84 19 23 22 20 1,2,5,6,10,21 11,14,15,17,20,22 4,7,12,13,16,19 3,8,9,18,23,24
6,1,10,14,22,15,9,17,11,24,4,23,20,5,8,7,3,12,0,21,13,18,2,16,19     108129 80.26  88 20 28 19 21 10,11,15,16,20,21 2,3,4,12,17,22 1,5,6,7,8,9 13,14,18,19,23,24
11,8,24,5,4,12,23,22,7,9,14,20,15,1,2,3,10,13,18,0,21,16,17,19,6       1342 79.57  79 18 19 20 22 10,14,15,16,20,21 3,4,11,12,13,23 1,5,6,7,8,9 2,17,18,19,22,24
22,13,15,23,24,0,4,1,3,8,20,17,11,10,18,14,2,9,7,5,12,21,19,16,6     819282 80.55  91 22 22 26 21 4,7,8,9,13,20 12,15,16,17,21,22 1,2,5,6,10,11 3,14,18,19,23,24
1,17,15,22,7,10,24,23,0,9,6,8,16,3,4,2,13,14,18,12,21,20,19,11,5         48 78.84  80 15 22 24 19 1,6,10,15,20,21 11,12,13,16,19,22 2,3,5,7,8,17 4,9,14,18,23,24
0,10,1,3,15,19,17,8,6,4,11,22,2,14,9,21,24,20,5,7,12,23,18,13,16        319 80.00  76 23 15 14 24 1,2,5,6,10,19 7,9,13,14,18,22 3,4,8,11,12,17 15,16,20,21,23,24
16,1,24,4,7,8,14,15,18,2,13,12,22,17,20,10,21,9,0,5,19,23,3,6,11     132144 80.25  90 24 23 19 24 1,2,5,6,14,17 10,11,15,16,20,21 4,7,8,9,12,13 3,18,19,22,23,24
20,4,12,2,8,9,3,5,19,22,0,14,24,6,7,13,16,21,10,1,17,23,15,11,18      14673 80.58  84 20 19 25 20 3,8,9,12,13,14 11,15,16,20,21,23 1,2,4,5,6,10 7,17,18,19,22,24
13,19,4,5,7,22,2,20,15,14,23,1,11,6,21,9,0,10,12,17,24,3,18,16,8       2652 79.74  94 25 21 26 22 7,8,9,12,16,21 2,6,10,11,13,22 1,3,4,5,15,20 14,17,18,19,23,24
10,17,23,11,12,2,9,14,22,13,20,15,24,1,8,3,18,6,16,7,5,4,0,19,21   43034880 81.02  88 25 17 23 23 3,4,8,9,13,14 11,15,16,18,20,21 1,2,5,6,7,10 12,17,19,22,23,24
7,4,21,19,22,6,24,2,23,20,12,14,16,8,13,18,10,17,3,0,9,5,15,1,11         30 79.61  97 19 24 19 35 2,4,6,7,10,21 3,8,9,13,14,23 11,12,15,16,17,18 1,5,19,20,22,24
23,12,5,15,1,0,21,20,11,17,14,4,19,6,2,10,24,3,13,16,18,8,7,9,22      11130 80.08  95 26 29 19 21 3,4,8,9,12,21 7,15,17,18,20,23 1,2,5,6,10,11 13,14,16,19,22,24
8,15,0,13,24,16,7,3,19,18,23,2,20,4,21,9,11,22,1,5,17,12,14,10,6     219484 80.56  94 18 19 33 24 3,7,8,12,13,15 11,16,17,20,21,22 1,2,5,6,9,10 4,14,18,19,23,24
24,0,11,8,2,20,6,5,10,14,13,21,15,4,23,3,17,19,22,7,18,1,9,12,16     184312 81.07  85 21 19 21 24 3,4,8,9,13,14 7,15,16,17,20,21 1,2,5,6,10,11 12,18,19,22,23,24
24,22,0,20,14,13,7,15,2,19,18,6,11,16,1,8,3,21,10,12,4,23,17,5,9     931134 80.92  98 21 24 30 23 3,7,8,11,12,13 15,16,17,20,21,22 1,2,4,5,6,10 9,14,18,19,23,24
3,17,2,20,4,1,15,7,9,13,0,22,10,11,16,19,24,14,23,8,18,5,12,6,21     338713 80.25  76 24 13 20 19 11,12,15,16,17,20 4,7,9,14,19,22 1,2,3,5,6,10 8,13,18,21,23,24
19,16,5,6,22,15,23,14,9,24,4,12,20,8,1,13,18,0,2,11,3,7,17,10,21      59475 80.01  95 16 24 29 26 4,8,9,12,14,15 2,7,11,16,20,21 1,3,5,6,10,13 17,18,19,22,23,24
13,22,23,16,15,0,10,6,14,3,18,19,12,4,9,20,24,7,17,1,8,21,11,2,5      34648 80.74  93 22 30 21 20 11,15,16,19,20,21 1,2,5,6,10,22 3,4,8,9,13,14 7,12,17,18,23,24
20,5,22,18,24,3,19,9,6,1,4,13,15,16,11,17,12,8,23,10,2,7,21,0,14      42324 80.50  89 24 20 25 20 3,4,7,8,11,13 12,15,16,17,20,22 1,2,5,6,9,10 14,18,19,21,23,24
8,6,14,9,19,3,20,22,11,21,5,4,17,13,10,0,12,23,16,7,24,18,2,1,15      23814 79.74  91 22 25 21 23 3,4,8,9,12,18 7,15,16,20,21,23 1,5,6,10,11,13 2,14,17,19,22,24
16,10,11,13,1,8,9,5,24,7,4,17,6,12,20,22,23,3,19,14,15,0,21,2,18       6603 80.28  79 20 21 19 19 1,2,5,6,11,15 10,16,17,20,21,22 3,4,9,12,13,14 7,8,18,19,23,24
10,16,4,12,21,20,7,22,18,17,8,3,23,1,9,0,24,19,6,14,11,2,15,13,5     162991 80.11  87 23 19 24 21 4,11,15,16,20,21 12,13,17,18,22,23 1,3,5,6,7,10 2,8,9,14,19,24
12,18,10,16,7,13,19,0,3,14,9,20,6,17,1,11,21,4,15,23,22,8,2,5,24     398790 80.15  87 25 18 21 23 8,9,12,13,17,18 11,15,16,20,21,22 2,3,4,6,7,10 1,5,14,19,23,24
0,5,2,3,22,10,20,11,14,21,13,17,15,24,8,12,6,9,16,4,19,23,1,7,18         24 79.24  78 19 20 17 22 1,5,6,7,11,17 12,13,15,18,19,23 3,4,8,9,14,16 2,10,20,21,22,24
6,1,10,3,4,5,11,24,15,7,18,19,17,20,2,16,22,13,12,0,9,8,14,21,23    1212585 80.42  73 18 18 12 25 11,15,16,20,21,22 2,12,13,17,18,23 1,3,5,6,7,10 4,8,9,14,19,24
17,4,8,9,13,3,11,1,19,10,2,22,6,16,20,5,14,7,15,24,18,12,0,21,23      20097 80.11  76 20 24 20 12 3,7,11,12,16,17 14,15,18,20,21,22 1,2,5,6,10,13 4,8,9,19,23,24
2,19,21,24,15,7,14,23,16,13,17,9,10,11,0,20,1,3,8,6,12,5,22,4,18    1156110 81.13  90 23 23 20 24 3,4,8,9,13,14 11,12,15,16,17,20 1,2,5,6,7,10 18,19,21,22,23,24
5,16,11,1,17,20,10,6,13,4,21,22,18,7,15,23,2,19,3,9,12,8,14,0,24    9634779 80.48  69 14 21 18 16 1,3,4,5,13,14 11,12,15,16,20,21 2,6,7,8,9,10 17,18,19,22,23,24
11,1,8,10,17,22,13,15,19,7,4,12,14,5,0,16,20,24,3,6,21,23,18,2,9      18729 79.24  82 26 19 19 18 2,5,6,9,14,19 1,10,11,15,16,20 3,4,7,8,12,13 17,18,21,22,23,24
19,18,8,7,20,3,16,12,21,2,22,0,23,9,17,24,14,11,4,1,5,13,6,15,10    2224341 81.07  99 19 24 28 28 3,4,7,8,9,17 12,15,16,20,21,22 1,2,5,6,10,11 13,14,18,19,23,24
5,13,19,4,22,15,18,24,20,23,14,17,16,7,0,8,21,2,10,6,1,12,3,11,9     651441 80.36  92 24 18 22 28 7,8,9,10,11,14 12,15,16,17,20,21 1,2,3,4,5,6 13,18,19,22,23,24
6,5,16,1,2,8,0,9,7,12,24,10,3,23,22,18,19,14,13,15,11,20,17,4,21    1112799 80.25  74 17 18 16 23 1,3,4,5,9,14 12,13,17,18,22,23 2,6,7,8,10,11 15,16,19,20,21,24
15,6,8,5,7,2,11,12,16,4,3,1,9,13,24,10,20,17,19,14,18,22,0,21,23     147841 80.58  64 14 17 18 15 3,4,8,9,12,13 10,15,16,20,21,22 1,2,5,6,7,11 14,17,18,19,23,24
21,10,8,14,18,2,12,1,22,16,6,11,9,23,20,15,3,17,13,0,7,19,24,5,4    2532196 80.96  83 22 17 20 24 3,4,7,8,9,14 12,13,17,18,22,23 1,2,5,6,10,11 15,16,19,20,21,24
14,13,23,12,20,1,3,15,19,2,9,10,22,0,4,17,21,6,8,16,18,5,24,7,11    4864530 80.66  89 20 24 20 25 3,4,7,8,12,13 16,17,18,20,21,22 1,2,5,6,10,11 9,14,15,19,23,24
19,1,11,20,17,5,7,9,21,22,24,15,14,13,10,12,0,16,8,4,2,23,6,18,3      27570 80.61  90 19 21 22 28 4,8,9,10,13,14 11,12,15,16,20,21 1,2,3,5,6,7 17,18,19,22,23,24
20,7,2,4,14,19,16,1,10,11,3,5,23,9,6,21,8,12,17,0,24,15,22,13,18        180 79.54  75 16 18 23 18 2,7,15,16,20,21 8,11,12,13,14,23 1,3,5,6,9,10 4,17,18,19,22,24
0,20,23,24,16,14,9,4,22,3,1,7,19,12,17,2,10,6,13,15,11,21,8,5,18      16626 80.45  90 22 18 23 27 10,11,15,16,20,21 12,13,17,18,19,22 1,2,3,5,6,7 4,8,9,14,23,24
17,12,24,2,9,6,3,4,20,13,14,15,8,10,16,21,1,23,22,0,5,19,11,18,7      10735 80.22  83 21 25 14 23 2,6,7,10,11,14 1,5,15,17,20,21 3,4,8,9,12,13 16,18,19,22,23,24
18,2,20,3,24,22,16,12,21,5,10,11,8,1,9,17,15,6,14,0,19,7,13,23,4       4290 80.50  85 21 25 20 19 13,14,15,17,18,19 7,12,16,20,21,22 1,2,5,6,10,11 3,4,8,9,23,24
6,3,20,15,23,1,14,24,21,11,12,13,18,19,5,17,10,2,4,8,7,9,16,0,22    1519749 80.53  87 18 25 20 24 2,3,4,8,12,13 15,16,17,20,21,22 1,5,6,7,10,11 9,14,18,19,23,24
4,19,14,3,11,21,5,0,18,22,10,16,7,23,17,15,13,12,2,9,24,20,8,6,1          1 79.35  87 28 24 17 18 1,5,13,14,19,22 2,6,11,12,17,23 3,4,7,8,9,18 10,15,16,20,21,24
15,24,14,23,3,2,11,16,10,12,6,13,5,17,4,1,18,7,8,20,9,21,22,0,19     259689 80.25  79 16 21 20 22 16,17,18,20,21,22 7,8,10,12,13,23 1,2,5,6,11,15 3,4,9,14,19,24
13,8,6,21,5,2,4,0,19,10,11,20,16,9,17,3,18,1,24,15,23,12,22,7,14        531 79.54  87 21 21 25 20 4,9,10,17,18,19 7,12,13,14,22,23 1,2,3,5,6,8 11,15,16,20,21,24
5,23,14,2,10,15,11,19,7,22,9,24,0,12,17,13,8,1,16,18,3,4,21,20,6       4002 79.77  94 15 22 31 26 2,7,12,16,20,21 1,5,6,11,17,22 3,4,8,9,13,14 10,15,18,19,23,24
13,17,3,15,11,12,14,19,24,0,8,10,4,22,21,18,9,1,23,16,6,20,7,5,2      41580 79.87  97 23 28 20 26 15,16,18,20,21,22 1,2,5,6,7,23 3,8,10,11,12,17 4,9,13,14,19,24
13,8,19,12,18,20,3,6,9,14,22,11,2,10,4,5,1,23,16,0,15,7,21,17,24         39 78.74  75 24 16 20 15 1,5,10,11,13,20 7,15,17,21,22,23 2,6,9,12,18,19 3,4,8,14,16,24
4,6,22,15,20,9,1,17,16,23,18,5,7,14,0,24,12,8,11,21,13,3,19,10,2      30345 80.02 100 24 27 24 25 10,11,12,13,14,15 7,16,17,20,21,22 1,2,4,5,6,9 3,8,18,19,23,24
6,15,4,20,5,7,23,17,21,13,22,19,0,11,18,3,1,16,12,2,14,24,8,10,9      11364 79.67  92 25 27 21 19 3,8,9,13,14,17 15,18,20,21,22,23 1,2,4,5,6,7 10,11,12,16,19,24
17,11,9,23,22,24,14,5,20,7,4,2,15,18,21,10,13,19,6,12,0,16,1,3,8      13047 80.21  98 19 26 22 31 2,6,10,11,12,19 1,5,15,16,20,21 4,7,8,9,13,14 3,17,18,22,23,24
9,4,0,18,20,19,23,15,21,7,16,17,1,6,2,14,11,24,12,13,10,3,22,8,5         63 79.71  98 21 21 25 31 2,3,6,7,10,22 11,15,16,17,21,23 8,12,13,14,18,19 1,4,5,9,20,24
22,9,13,5,7,23,3,15,20,19,1,12,11,0,17,6,14,10,2,8,4,18,21,16,24    9396387 80.15  87 20 26 24 17 2,6,10,11,12,14 1,5,15,17,20,22 3,4,7,8,9,13 16,18,19,21,23,24
4,18,3,21,15,16,10,13,6,5,22,1,0,19,24,7,23,11,12,14,8,9,2,17,20   23233959 80.71  88 22 26 23 17 7,8,9,10,11,12 15,16,17,20,21,22 1,2,3,4,5,6 13,14,18,19,23,24
17,6,12,8,4,5,15,14,13,23,3,21,11,0,16,22,9,19,1,20,10,18,2,7,24       1417 79.85  75 19 20 19 17 1,5,6,10,15,16 3,4,8,9,17,23 2,7,11,12,13,14 18,19,20,21,22,24
13,4,9,1,21,18,22,3,11,8,10,5,2,24,23,16,17,14,12,15,19,20,6,7,0         19 79.73  86 23 18 19 26 2,6,7,11,12,15 10,16,17,19,20,22 1,3,4,5,8,9 13,14,18,21,23,24
7,15,9,22,4,20,0,18,21,10,2,6,12,17,8,11,24,1,13,3,19,23,16,5,14        669 80.49  82 27 17 14 24 1,2,5,6,10,20 12,13,14,17,18,22 3,4,7,8,9,11 15,16,19,21,23,24
10,4,13,1,8,9,7,21,5,6,18,15,20,3,12,16,2,19,14,24,0,22,23,11,17        300 79.83  76 21 19 20 16 1,3,4,5,12,13 15,16,17,18,21,22 2,6,7,8,9,10 11,14,19,20,23,24
22,1,19,3,6,17,10,15,12,0,11,16,4,21,24,23,13,9,5,14,18,8,7,2,20       1995 80.39  89 20 24 21 24 10,11,15,16,17,20 1,2,5,6,12,21 3,4,7,8,9,13 14,18,19,22,23,24
21,18,9,15,23,19,13,24,20,8,7,14,3,6,16,11,4,10,0,2,1,17,12,22,5      20790 79.86 100 26 22 25 27 9,11,15,16,20,21 1,5,12,14,17,22 2,4,6,7,8,10 3,13,18,19,23,24
12,20,2,13,11,7,17,15,10,6,21,23,14,3,16,1,24,18,22,4,9,19,0,5,8   13357482 80.93  90 22 24 23 21 3,4,8,9,13,14 11,12,15,17,20,21 1,2,5,6,7,10 16,18,19,22,23,24
14,22,15,21,2,23,10,7,1,8,13,9,12,6,4,11,16,19,24,20,18,17,5,3,0     226075 80.87  86 18 23 19 26 3,4,8,9,12,13 11,15,16,17,20,22 1,2,5,6,7,10 14,18,19,21,23,24
15,16,1,24,7,8,2,4,21,22,10,12,6,18,9,11,23,3,19,20,13,17,14,5,0      26940 80.75  82 22 23 18 19 11,15,16,17,20,21 3,4,7,8,13,22 1,2,5,6,10,12 9,14,18,19,23,24
18,5,13,1,15,12,16,7,20,22,24,17,21,8,14,6,3,4,2,23,0,11,10,9,19    2920465 80.43  86 26 23 15 22 2,6,10,11,15,16 1,3,4,5,20,21 7,8,9,12,13,14 17,18,19,22,23,24
1,24,7,21,6,19,5,23,11,16,20,3,8,18,9,13,14,22,10,15,17,2,0,12,4     501085 80.90  88 21 23 18 26 3,4,9,11,12,14 15,16,17,20,21,22 1,2,5,6,7,10 8,13,18,19,23,24
15,0,16,2,20,14,23,1,6,8,21,7,9,19,13,3,17,22,24,18,5,11,4,12,10       1170 80.98  87 23 23 25 16 1,2,5,6,10,15 11,12,16,17,20,21 3,4,7,8,9,14 13,18,19,22,23,24
13,23,14,3,17,18,9,24,21,16,19,4,1,0,22,20,6,12,2,15,5,8,10,7,11     228280 80.54 103 23 29 27 24 1,2,5,6,10,20 11,15,16,21,22,23 7,8,12,13,17,18 3,4,9,14,19,24
14,6,3,17,23,8,12,21,15,4,1,22,2,20,11,24,9,18,10,0,7,16,19,13,5      18258 80.07  89 16 24 25 24 3,8,10,11,12,18 15,16,17,20,21,22 1,2,5,6,7,9 4,13,14,19,23,24
2,14,15,12,9,19,10,21,4,20,3,6,8,16,1,0,24,17,7,22,5,13,11,23,18        180 80.39  87 16 24 22 25 4,7,8,9,12,16 11,15,17,20,21,22 1,2,5,6,10,14 3,13,18,19,23,24
17,18,7,24,21,4,10,0,8,3,5,2,6,9,1,16,13,12,20,14,11,19,15,23,22        108 79.33  81 17 23 20 21 11,12,13,15,16,19 14,18,20,21,22,23 2,4,6,7,10,17 1,3,5,8,9,24
13,3,15,21,16,7,8,12,0,5,14,17,2,9,20,6,1,23,24,18,11,10,22,19,4      21811 79.81  82 25 26 17 14 10,11,14,15,16,17 1,5,6,7,20,21 2,3,4,8,9,12 13,18,19,22,23,24
18,21,23,13,10,4,20,22,15,16,24,6,8,0,1,11,3,14,7,17,2,5,19,12,9  334745649 80.66  99 25 30 20 24 11,12,15,16,18,20 1,2,5,6,10,21 3,4,7,8,9,13 14,17,19,22,23,24
22,18,16,15,1,13,19,21,24,10,5,17,6,11,2,4,0,12,23,9,14,3,20,8,7       7915 79.73  98 23 17 30 28 2,6,10,11,16,21 8,9,12,13,20,23 1,3,4,5,7,15 14,17,18,19,22,24
0,22,14,15,20,5,24,4,13,17,9,7,3,6,10,8,2,19,1,21,11,23,18,12,16        147 78.51  98 21 28 26 23 8,9,11,12,13,17 15,16,19,20,21,23 1,3,4,6,10,14 2,5,7,18,22,24
20,19,7,24,11,1,15,14,5,23,10,8,17,22,9,2,4,3,0,18,12,6,16,21,13      81147 80.49  84 18 21 22 23 11,12,13,14,16,17 1,5,6,10,15,20 2,3,4,7,8,9 18,19,21,22,23,24
12,22,8,17,4,2,18,11,15,5,13,3,6,21,16,7,20,0,24,14,23,10,19,1,9     386694 79.76  85 24 26 14 21 3,6,7,11,12,18 1,5,10,15,16,20 2,4,8,9,13,14 17,19,21,22,23,24
10,20,15,5,18,8,24,2,22,1,19,16,13,9,23,6,12,0,3,14,21,17,4,7,11       2544 79.38  83 18 23 15 27 3,7,12,13,17,22 4,9,11,14,18,23 2,6,10,16,20,21 1,5,8,15,19,24
1,5,24,21,13,4,19,11,17,9,15,22,3,23,0,6,7,16,10,12,18,14,8,2,20       3660 80.32  86 20 21 22 23 1,2,5,6,10,15 7,16,18,21,22,23 3,4,8,9,13,14 11,12,17,19,20,24
18,14,11,21,0,22,2,4,3,16,15,5,23,20,8,19,10,1,9,24,17,13,6,7,12     288655 80.99  90 19 30 18 23 1,2,5,6,10,15 12,16,17,20,21,22 3,4,7,8,9,11 13,14,18,19,23,24
2,12,13,19,9,7,11,18,15,21,0,4,16,5,22,20,10,24,6,17,14,1,3,23,8    2861397 79.87  84 17 22 24 21 2,4,7,10,11,20 12,15,16,17,21,22 1,3,5,6,8,9 13,14,18,19,23,24
7,13,15,12,14,22,11,2,19,18,8,1,9,10,24,17,0,3,5,20,4,6,21,16,23       9789 80.17  86 23 21 20 22 4,9,13,14,18,19 12,16,17,20,21,22 2,6,7,10,11,15 1,3,5,8,23,24
23,13,15,24,6,10,12,2,17,19,14,16,3,8,7,11,0,20,21,22,5,18,9,4,1      14112 80.09  90 19 21 26 24 2,3,4,7,8,19 14,15,16,20,21,22 1,5,6,9,10,11 12,13,17,18,23,24
7,21,13,16,11,8,23,9,20,0,1,22,3,17,5,6,18,15,14,12,24,2,4,10,19  768485718 80.86  89 27 21 19 22 1,2,5,6,10,21 7,11,12,16,17,22 3,4,8,9,13,14 15,18,19,20,23,24
18,3,16,19,24,11,17,7,14,1,6,4,5,8,20,12,22,10,0,21,15,2,9,13,23       6564 79.62  82 23 17 19 23 2,4,9,12,13,17 3,7,8,14,16,19 1,5,6,10,11,15 18,20,21,22,23,24
7,9,5,3,10,20,4,19,8,14,16,2,18,12,11,23,22,13,15,17,21,6,24,1,0       6577 79.66  76 17 17 25 17 6,7,15,16,20,21 13,14,18,19,22,23 1,5,10,11,12,17 2,3,4,8,9,24
9,19,20,6,12,14,17,0,1,2,5,22,8,24,10,21,15,3,23,4,7,16,13,11,18     987462 81.11  85 22 22 20 21 3,4,8,9,13,14 7,15,16,20,21,22 1,2,5,6,10,11 12,17,18,19,23,24
15,18,11,12,5,6,17,1,3,8,21,19,16,22,4,9,24,10,7,20,23,0,14,13,2     638946 80.86  85 21 19 23 22 1,5,6,10,11,15 12,16,17,20,21,22 2,3,4,7,8,9 13,14,18,19,23,24
24,3,4,11,12,18,5,2,22,1,8,14,16,21,13,9,10,17,15,6,0,20,7,19,23   21703377 81.07  82 20 17 21 24 3,4,8,9,13,14 7,15,16,17,20,21 1,2,5,6,10,11 12,18,19,22,23,24
3,4,6,21,5,13,2,17,16,22,14,11,8,9,19,0,1,15,10,20,23,24,12,7,18      95472 79.17  83 14 26 22 21 4,8,9,13,18,19 12,16,17,20,21,22 2,3,5,6,7,10 1,11,14,15,23,24
9,14,13,0,22,8,24,17,21,1,11,16,12,23,20,15,5,10,2,3,4,7,6,19,18         58 79.48  97 23 22 26 26 1,4,5,11,15,16 13,14,18,19,22,23 2,3,6,7,9,10 8,12,17,20,21,24
17,4,6,1,21,19,12,11,2,20,10,5,24,8,9,22,14,0,15,23,18,3,7,13,16     291289 80.64  85 29 17 17 22 15,16,17,20,21,22 3,7,8,9,13,23 1,2,4,5,6,10 11,12,14,18,19,24
22,21,17,16,24,14,1,13,23,12,15,18,20,2,19,6,11,8,7,5,0,10,9,3,4      11172 79.72  96 25 22 24 25 2,6,9,11,16,21 7,8,12,13,17,22 1,5,10,14,15,20 3,4,18,19,23,24
4,9,6,1,22,17,23,11,3,10,8,20,12,24,0,16,13,19,7,15,21,2,14,18,5     387316 80.42  88 21 21 26 20 2,7,8,10,11,12 15,16,17,20,21,22 1,3,4,5,6,9 13,14,18,19,23,24
22,7,8,24,21,9,5,15,19,17,13,2,0,1,18,10,6,23,14,12,20,16,3,4,11      15844 80.43  84 20 23 17 24 11,12,13,16,17,18 8,9,15,20,21,22 1,2,5,6,7,10 3,4,14,19,23,24
8,7,14,22,23,0,19,24,16,1,5,4,9,2,20,3,21,12,18,6,13,11,15,10,17        102 79.35  99 23 21 26 29 4,11,14,15,20,21 12,13,17,18,22,23 1,3,5,7,8,19 2,6,9,10,16,24
10,8,5,6,4,22,19,18,21,16,24,23,0,7,14,9,3,2,12,13,15,1,17,20,11      93763 80.43  84 20 18 18 28 1,5,6,10,11,15 2,7,12,17,18,19 3,4,8,9,13,14 16,20,21,22,23,24
21,17,10,13,3,11,4,7,22,24,2,9,0,12,5,19,14,20,1,23,16,15,18,8,6     468804 80.91  86 18 20 28 20 3,4,7,8,9,13 12,15,16,17,21,22 1,2,5,6,10,11 14,18,19,20,23,24
9,1,11,17,4,12,8,21,3,6,13,14,10,19,18,5,16,2,15,23,0,7,22,20,24       1755 79.70  72 16 19 24 13 2,3,4,11,12,17 13,15,16,20,21,22 1,5,6,7,8,9 10,14,18,19,23,24
5,2,1,0,8,4,6,21,11,13,9,14,17,20,23,22,10,7,18,19,15,24,12,3,16       2334 80.22  73 19 15 25 14 10,15,16,20,21,22 1,2,5,6,11,23 3,4,8,9,13,14 7,12,17,18,19,24
2,12,22,15,13,24,11,14,7,21,17,9,4,5,16,0,20,3,19,1,23,6,10,8,18      23940 80.04  93 22 25 22 24 2,6,10,11,16,21 1,4,5,7,20,22 3,8,9,12,13,14 15,17,18,19,23,24
18,14,16,8,19,12,21,6,9,22,13,15,11,23,4,5,2,7,24,0,1,20,10,3,17     480456 80.54  83 15 23 21 24 7,11,12,15,16,20 1,2,5,6,10,21 4,8,9,13,14,19 3,17,18,22,23,24
21,20,4,2,10,15,22,24,11,23,13,14,9,6,12,0,8,1,16,7,3,5,19,17,18      28917 79.67  95 20 26 26 23 15,16,17,20,21,22 8,10,13,18,19,23 1,2,3,4,5,7 6,9,11,12,14,24
8,16,15,10,1,6,22,20,5,17,3,11,7,4,18,13,9,23,24,21,19,2,0,12,14     140491 80.51  88 22 22 24 20 3,7,11,16,20,21 4,8,9,13,14,22 1,2,5,6,10,15 12,17,18,19,23,24
13,24,14,10,7,2,22,8,23,5,20,21,11,16,12,1,18,17,3,4,15,0,6,19,9      80115 79.25  83 20 18 22 23 1,5,8,15,20,21 6,11,16,17,18,22 2,7,10,12,13,14 3,4,9,19,23,24
15,0,9,17,8,21,6,13,3,23,7,2,22,5,4,11,24,10,19,1,14,16,12,18,20        667 80.15  83 18 21 18 26 2,6,9,10,11,15 12,16,17,20,21,22 3,4,7,8,13,14 1,5,18,19,23,24
2,6,21,0,19,22,15,4,3,9,18,1,20,5,17,7,23,16,11,24,8,10,13,14,12        141 79.75  83 21 23 24 15 2,11,12,13,17,18 10,15,16,20,21,22 1,5,6,7,8,14 3,4,9,19,23,24
11,10,2,6,4,0,15,8,5,13,12,19,23,9,21,14,3,1,16,17,18,20,22,24,7      40581 80.11  73 21 21 14 17 1,5,6,10,11,15 7,12,14,16,21,22 2,3,4,8,9,13 17,18,19,20,23,24
19,4,20,15,8,18,13,23,21,24,0,2,10,5,22,11,14,3,17,6,1,16,7,9,12          3 78.78  98 25 23 23 27 1,10,11,15,16,21 12,13,14,17,18,23 4,5,6,7,8,9 2,3,19,20,22,24
14,18,24,13,3,21,17,11,9,7,20,5,23,1,12,19,22,6,0,8,10,2,15,16,4       2058 79.88  86 19 21 22 24 2,3,6,7,10,20 15,16,17,19,21,22 4,8,9,12,13,14 1,5,11,18,23,24
1,7,8,9,13,16,24,3,22,4,17,11,0,6,20,15,21,12,19,14,10,5,2,18,23    2927886 80.98  66 16 21 12 17 2,6,7,10,11,12 15,16,17,20,21,22 1,3,4,5,8,9 13,14,18,19,23,24
14,3,0,5,13,1,7,11,17,10,19,18,4,12,2,9,22,6,8,15,23,21,20,24,16         36 80.08  86 25 22 20 19 4,8,9,11,13,14 10,15,20,21,22,23 1,2,3,5,6,7 12,16,17,18,19,24
22,14,2,17,12,0,15,6,18,5,20,9,19,21,4,11,16,7,10,8,3,24,23,1,13        549 80.33  89 23 21 26 19 2,3,4,8,9,14 11,15,16,20,21,22 1,5,6,10,12,13 7,17,18,19,23,24
15,5,17,10,7,8,1,9,6,4,24,20,18,19,12,16,0,13,2,22,14,21,11,23,3    4228303 80.51  76 20 17 17 22 2,3,4,7,8,13 15,16,17,20,21,22 1,5,6,9,10,11 12,14,18,19,23,24
7,2,1,10,17,21,8,18,22,23,3,13,19,14,9,24,5,20,6,16,4,11,15,0,12      58950 80.26  89 23 23 19 24 6,15,16,20,21,22 3,4,8,9,14,23 1,2,5,7,10,11 12,13,17,18,19,24
2,19,20,16,4,9,17,11,0,3,18,14,21,10,5,23,22,8,13,24,1,6,15,12,7     689913 80.11  84 16 22 24 22 4,8,9,13,14,21 12,17,18,19,22,23 1,2,3,5,6,7 10,11,15,16,20,24
7,1,6,24,9,21,16,3,19,5,0,20,10,4,18,11,12,8,15,23,14,22,17,2,13        112 79.60  76 19 20 19 18 2,15,17,20,21,22 12,13,14,18,19,23 1,5,7,10,11,16 3,4,6,8,9,24
24,16,2,11,9,22,23,13,19,14,4,5,18,15,8,20,17,12,6,21,10,0,7,3,1      62817 80.24  87 20 22 16 29 3,4,8,9,13,19 1,2,5,6,10,20 7,12,14,15,17,18 11,16,21,22,23,24
1,5,15,22,9,20,10,19,7,17,12,13,0,24,3,18,6,4,11,21,2,8,23,16,14     287997 80.55  78 17 23 20 18 7,11,12,13,17,18 3,15,16,20,21,22 1,2,5,6,8,10 4,9,14,19,23,24
3,8,21,14,24,19,18,13,9,22,12,5,16,23,17,11,20,0,6,10,15,1,2,7,4     716436 80.54  87 20 18 24 25 1,5,15,16,20,21 12,13,17,18,22,23 2,3,6,7,10,11 4,8,9,14,19,24
5,22,23,9,10,13,20,16,21,6,18,11,4,19,12,17,8,7,0,24,1,14,2,3,15      40194 79.91  90 21 25 23 21 11,13,16,17,18,20 4,8,9,14,15,21 1,2,5,6,7,10 3,12,19,22,23,24
15,8,22,14,20,6,17,18,12,11,24,4,23,16,2,0,3,5,13,19,9,10,21,1,7       1929 80.10  97 22 27 26 22 7,9,12,13,14,19 3,4,8,17,20,21 1,2,5,6,10,11 15,16,18,22,23,24
3,6,17,2,14,21,4,19,0,10,18,8,1,9,7,24,13,15,23,11,16,22,20,12,5     587139 80.97  84 17 19 26 22 4,7,8,9,13,14 11,15,16,20,21,22 1,2,3,5,6,10 12,17,18,19,23,24
3,15,6,16,24,17,12,8,21,11,7,13,0,9,18,19,2,10,14,22,23,1,20,5,4        630 80.05  90 25 24 19 22 1,5,8,11,13,15 16,17,20,21,22,23 2,3,6,7,10,12 4,9,14,18,19,24
3,4,13,6,10,7,0,2,24,22,19,5,23,11,12,15,14,9,17,21,18,1,20,16,8       5685 80.04  86 19 21 22 24 1,5,13,14,15,20 8,9,11,12,16,21 2,3,4,6,7,10 17,18,19,22,23,24
0,19,5,22,17,9,18,24,2,4,8,15,16,12,23,10,7,14,6,21,3,11,13,20,1     215838 80.10  92 19 23 27 23 2,6,7,11,16,21 1,5,10,15,20,22 3,4,8,9,14,19 12,13,17,18,23,24
20,2,15,0,5,21,3,10,11,16,19,18,1,9,6,4,24,14,13,8,22,7,12,23,17       5890 80.77  89 26 16 23 24 11,15,16,17,20,21 7,8,9,12,13,22 1,2,3,5,6,10 4,14,18,19,23,24
14,18,20,0,10,8,12,17,21,11,22,23,15,13,24,3,19,6,9,1,5,7,4,16,2       9822 79.68 105 28 27 26 24 3,4,9,13,14,18 2,6,10,15,19,23 1,5,7,8,11,12 16,17,20,21,22,24
13,24,15,22,16,9,10,5,7,21,12,23,19,2,8,18,0,17,14,3,20,1,11,4,6        259 79.76  94 18 22 27 27 11,12,16,17,18,20 2,3,4,7,8,22 1,5,6,9,10,15 13,14,19,21,23,24
9,18,10,15,19,23,0,8,12,5,20,21,14,22,11,16,1,3,6,2,17,24,13,4,7     176410 80.70  94 21 26 24 23 11,14,15,16,17,20 1,2,5,6,10,21 3,4,7,8,9,12 13,18,19,22,23,24
1,12,0,9,4,21,13,15,3,18,19,10,16,22,8,7,6,17,24,11,14,2,23,20,5     111610 80.15  78 23 17 15 23 2,6,7,10,12,21 15,16,17,20,22,23 1,3,4,5,8,9 11,13,14,18,19,24
14,15,13,21,16,19,5,10,8,17,0,22,12,7,23,2,24,3,1,20,9,18,11,6,4        876 79.23 100 26 32 19 23 5,9,10,13,14,15 1,6,11,16,20,21 2,3,4,7,8,12 17,18,19,22,23,24
2,22,5,24,19,17,16,9,1,12,20,8,7,13,23,3,6,0,21,11,10,4,18,14,15     232104 80.00  85 22 21 24 18 1,2,3,5,6,16 10,12,17,20,21,22 4,7,8,9,11,15 13,14,18,19,23,24
4,7,18,20,10,19,8,9,12,21,3,13,11,2,6,16,0,17,15,23,1,5,14,22,24         24 78.20  86 28 14 22 22 2,9,10,12,20,21 11,13,15,16,17,22 4,5,6,7,8,14 1,3,18,19,23,24
22,6,3,11,5,24,1,12,2,15,7,0,8,18,23,17,20,16,19,13,14,10,4,9,21         73 80.16  85 20 22 19 24 2,3,4,8,9,21 10,15,16,17,20,22 1,5,6,7,11,12 13,14,18,19,23,24
2,16,5,8,4,14,18,10,22,13,11,20,1,24,17,19,9,21,0,3,6,15,7,12,23     214162 80.97  76 19 19 20 18 3,4,8,9,13,14 7,15,16,19,20,21 1,2,5,6,10,11 12,17,18,22,23,24
16,11,21,8,13,7,20,23,10,4,17,14,1,19,15,0,9,6,3,18,12,22,24,2,5      20595 80.27  89 18 23 28 20 3,4,8,11,12,13 9,14,15,16,17,22 1,2,5,6,7,10 18,19,20,21,23,24
8,24,22,11,6,0,16,20,2,18,23,10,17,15,21,14,3,9,4,13,19,7,1,5,12    5325285 80.90 103 25 26 24 28 3,4,7,8,9,12 16,17,20,21,22,23 1,2,5,6,10,11 13,14,15,18,19,24
9,14,24,12,3,2,22,23,20,10,17,15,0,21,6,1,5,18,4,19,7,16,11,8,13      31116 80.46  90 23 22 24 21 2,4,9,11,12,14 15,16,17,20,21,22 1,3,5,6,7,10 8,13,18,19,23,24
21,17,6,22,5,3,0,18,10,14,24,16,23,4,19,11,8,20,15,12,1,9,13,7,2    1923768 80.18  90 20 23 24 23 11,15,16,17,20,21 2,12,13,18,19,22 1,3,5,6,7,10 4,8,9,14,23,24
10,9,6,5,8,16,23,11,0,18,24,13,12,22,3,21,4,19,17,14,1,7,15,20,2       2016 80.32  84 20 15 27 22 1,5,6,10,11,15 12,13,16,18,20,21 2,3,4,7,8,9 14,17,19,22,23,24
21,24,23,9,8,15,22,11,19,10,6,7,1,4,2,0,18,16,13,3,20,17,12,14,5      26349 79.99  85 20 20 25 20 2,6,10,15,20,21 7,16,17,18,22,23 1,3,4,5,8,9 11,12,13,14,19,24
14,8,3,24,23,17,12,22,4,5,1,6,0,9,15,18,21,7,16,11,20,13,10,19,2        991 80.24  84 23 26 17 18 2,6,7,10,11,12 13,14,15,16,17,18 1,3,4,5,8,9 19,20,21,22,23,24
15,1,10,2,9,22,23,18,4,3,0,16,13,20,6,19,8,7,11,12,14,5,24,17,21        976 79.84  82 18 20 19 25 3,4,8,9,14,18 7,10,11,12,13,20 1,2,5,6,15,16 17,19,21,22,23,24
21,22,12,10,11,18,7,13,20,6,14,8,1,19,24,23,16,9,15,5,3,0,2,4,17        945 79.37 101 32 25 26 18 1,5,10,11,20,21 4,6,7,8,9,22 2,3,12,14,15,16 13,17,18,19,23,24
22,19,5,15,12,11,6,9,0,21,10,3,18,24,13,1,20,14,4,8,17,2,7,16,23         45 80.60  88 22 28 20 18 7,8,9,12,18,19 15,16,17,20,21,22 1,2,5,6,10,11 3,4,13,14,23,24
15,10,19,4,23,6,21,0,11,24,20,13,18,17,3,2,14,12,22,1,16,8,7,5,9         60 79.68  87 26 18 21 22 1,5,10,16,20,21 2,6,11,15,17,22 7,8,12,13,14,18 3,4,9,19,23,24
23,4,20,6,5,19,18,1,8,13,7,10,0,11,24,22,12,16,15,9,21,2,14,17,3        432 79.84  88 15 29 24 20 11,12,15,16,17,21 2,14,18,19,22,23 1,5,6,7,10,20 3,4,8,9,13,24
13,24,18,4,15,6,14,19,16,17,2,1,8,21,22,20,0,11,3,9,5,23,10,12,7  115783164 80.77  88 19 27 17 25 1,2,5,6,10,20 3,7,11,15,16,21 4,8,9,12,13,14 17,18,19,22,23,24
21,19,1,18,8,10,14,6,5,4,20,15,12,23,2,3,16,0,17,9,11,22,24,13,7       3858 80.09  75 19 20 20 16 1,5,6,10,11,14 9,13,17,18,19,23 2,3,4,7,8,12 15,16,20,21,22,24
22,17,0,18,19,6,14,20,23,5,3,7,13,9,10,15,16,24,2,12,21,4,11,8,1      39999 80.58  92 24 20 27 21 3,4,7,11,12,14 15,16,17,20,21,22 1,2,5,6,10,13 8,9,18,19,23,24
16,3,24,2,11,1,8,13,19,14,18,4,12,15,23,10,17,20,9,22,21,7,5,6,0       1764 80.12  80 17 21 20 22 7,12,15,17,20,21 8,11,16,18,22,23 1,2,3,5,6,10 4,9,13,14,19,24
2,13,21,6,16,7,10,17,3,15,0,18,14,8,19,12,1,24,5,20,22,23,11,9,4        946 80.29  84 21 22 22 19 3,4,8,9,15,19 1,2,5,6,10,21 11,12,13,14,16,17 7,18,20,22,23,24
9,15,23,18,24,17,8,22,14,3,16,10,7,1,11,4,19,5,0,6,21,2,20,12,13      38392 80.24  90 26 20 22 22 1,3,4,5,20,21 7,8,9,12,17,22 2,6,10,11,15,16 13,14,18,19,23,24
5,20,4,11,18,6,15,8,21,12,19,13,16,14,17,0,10,1,23,3,7,22,2,24,9        255 78.18  75 18 20 22 15 3,4,5,8,9,20 2,6,7,10,21,22 1,13,15,16,18,19 11,12,14,17,23,24
21,4,19,16,7,1,24,14,23,6,11,5,3,15,8,22,18,9,10,0,20,12,13,2,17       4158 79.54  85 22 15 25 23 4,12,13,16,17,19 1,5,11,20,21,22 2,6,7,8,9,10 3,14,15,18,23,24
22,0,21,2,24,3,23,6,10,13,4,8,7,16,19,5,14,1,17,20,11,18,12,15,9         22 79.01  91 25 22 21 23 1,3,5,12,21,22 6,7,8,10,14,23 11,15,16,17,18,20 2,4,9,13,19,24
18,11,17,3,6,13,24,1,2,12,23,9,19,0,16,20,22,21,7,15,5,8,14,10,4   24072628 80.77  89 21 17 23 28 1,2,5,6,10,20 11,15,16,17,21,22 3,4,7,8,12,13 9,14,18,19,23,24
20,12,5,13,3,17,18,1,10,11,15,8,9,4,7,23,19,22,24,14,16,0,2,21,6     264831 80.34  77 20 20 20 17 4,7,8,9,11,13 12,15,16,17,18,20 1,2,3,5,6,10 14,19,21,22,23,24
6,19,5,2,18,16,10,24,22,15,7,9,1,12,17,14,3,23,8,0,20,11,4,13,21      79884 80.02  83 21 18 18 26 4,9,11,15,16,20 2,8,12,17,21,22 1,3,5,6,7,10 13,14,18,19,23,24
23,12,22,10,7,20,6,3,15,24,2,17,13,21,11,16,0,9,1,19,18,14,8,5,4        801 79.47  96 22 25 20 29 3,8,9,11,13,22 15,16,17,18,21,23 2,6,7,10,12,20 1,4,5,14,19,24
10,0,20,8,17,4,1,22,6,12,18,14,24,19,7,3,23,11,16,9,15,13,5,21,2         25 79.49  87 22 22 24 19 2,7,10,11,15,20 6,12,14,17,18,22 1,3,4,5,8,9 13,16,19,21,23,24
20,23,10,8,6,24,22,21,14,3,5,11,19,15,0,4,13,12,1,2,16,17,7,18,9    2158263 81.00  88 27 18 18 25 1,2,5,6,10,20 7,11,12,15,16,21 3,4,8,9,13,14 17,18,19,22,23,24
24,23,0,8,14,4,11,6,5,9,15,19,12,7,17,20,3,18,22,1,10,13,16,2,21      68784 80.71  82 20 15 21 26 1,5,6,10,15,20 2,7,11,12,16,21 3,4,8,9,13,14 17,18,19,22,23,24
16,18,22,17,12,13,21,24,11,5,8,10,0,15,23,6,7,14,1,3,9,4,2,19,20      22113 79.99 102 23 31 25 23 7,8,11,12,13,21 2,3,4,9,14,22 1,5,6,10,15,20 16,17,18,19,23,24
13,11,7,24,14,0,4,3,5,16,18,22,12,21,20,15,2,1,23,10,17,8,6,19,9      11115 81.10  91 21 22 26 22 3,4,7,8,9,14 12,15,16,20,21,22 1,2,5,6,10,11 13,17,18,19,23,24
19,15,3,8,6,23,16,24,13,14,17,0,5,1,4,21,11,9,7,12,2,18,20,10,22    7539966 81.36  85 16 16 27 26 3,4,8,9,13,14 11,12,15,16,20,21 1,2,5,6,7,10 17,18,19,22,23,24
4,21,0,8,14,19,3,11,24,16,12,6,9,22,18,15,17,1,5,2,23,10,20,13,7         31 79.57  88 25 17 18 28 2,4,6,10,12,19 15,17,18,20,22,23 3,7,8,9,13,14 1,5,11,16,21,24
20,24,11,13,9,14,1,0,16,18,21,5,8,17,6,22,15,7,4,23,19,12,3,2,10      53454 80.30  87 21 18 25 23 3,7,8,13,14,18 4,9,12,15,17,19 1,2,5,6,10,11 16,20,21,22,23,24
4,16,13,1,9,0,3,12,5,8,10,15,23,21,24,20,17,7,2,22,14,19,11,6,18       6784 80.29  75 22 16 19 18 1,3,4,5,8,16 15,17,20,21,22,23 2,6,7,10,11,12 9,13,14,18,19,24
5,10,19,2,15,18,0,16,3,6,23,7,13,11,12,21,1,9,4,20,8,24,17,14,22   10293381 80.21  82 20 17 22 23 2,3,6,7,11,15 1,5,10,16,20,21 4,8,9,12,13,14 17,18,19,22,23,24
8,18,9,2,12,4,13,20,11,5,22,23,3,19,15,17,14,1,24,16,7,0,6,21,10  374900316 81.36  93 24 23 26 20 3,4,7,8,9,12 15,16,17,20,21,22 1,2,5,6,10,11 13,14,18,19,23,24
8,4,2,18,17,16,19,6,13,14,20,5,22,11,3,0,10,24,1,12,21,15,23,7,9       1144 80.37  75 14 21 20 20 13,15,16,18,20,21 3,7,11,12,17,22 1,2,5,6,8,10 4,9,14,19,23,24
15,3,1,6,19,4,5,18,2,24,16,0,23,11,14,8,12,10,7,20,9,13,21,17,22       2989 80.23  79 18 19 27 15 2,6,7,10,11,15 12,13,16,18,20,21 1,3,4,5,8,9 14,17,19,22,23,24
9,14,11,5,23,20,4,24,18,10,13,15,3,0,7,6,2,19,8,16,22,12,21,1,17   16615368 80.49  89 23 20 25 21 3,4,8,9,14,18 13,15,20,21,22,23 1,2,5,6,7,10 11,12,16,17,19,24
19,21,1,6,16,17,22,8,24,14,20,10,7,4,13,5,2,9,23,18,15,12,0,11,3         39 79.35  84 22 26 16 20 2,7,12,17,21,22 3,9,11,18,19,23 1,5,6,10,15,20 4,8,13,14,16,24
15,22,20,23,10,11,1,5,6,16,8,24,14,12,0,13,4,19,9,7,2,21,17,3,18      94327 80.37  92 23 29 20 20 7,16,17,20,21,22 2,3,4,8,9,23 1,5,6,10,11,15 12,13,14,18,19,24
2,16,20,17,14,11,4,5,0,15,22,1,6,7,8,12,23,19,3,21,10,24,13,18,9      16654 80.08  82 20 27 15 20 1,4,5,11,12,16 15,17,20,21,22,23 2,3,6,7,8,10 9,13,14,18,19,24
23,0,14,20,13,12,19,7,1,11,4,5,22,15,16,18,10,21,8,17,6,9,2,24,3       2940 80.07  97 23 21 27 26 3,4,7,11,16,21 1,2,5,6,10,22 8,9,12,13,14,19 15,17,18,20,23,24
15,9,4,20,7,16,18,19,5,8,3,14,23,17,6,12,2,0,11,1,10,22,21,13,24      19075 80.76  85 26 20 20 19 1,2,5,6,10,15 12,13,14,17,18,19 3,4,7,8,9,11 16,20,21,22,23,24
21,9,15,8,17,19,11,0,18,1,10,4,12,24,14,7,13,16,20,23,2,22,5,3,6        730 79.78  91 24 18 26 23 1,5,15,16,20,22 7,12,13,17,18,23 2,6,9,10,11,21 3,4,8,14,19,24
15,14,3,10,18,12,24,0,6,21,13,1,16,8,5,20,23,17,22,9,11,4,7,2,19       3622 80.06  85 24 21 21 19 1,5,10,12,15,18 2,6,11,16,20,21 3,4,8,9,13,14 7,17,19,22,23,24
4,0,9,19,3,22,8,18,13,24,10,16,15,5,6,11,1,14,2,21,17,23,12,7,20       4449 80.45  83 20 20 23 20 8,9,12,17,18,22 11,15,16,20,21,23 1,2,5,6,7,10 3,4,13,14,19,24
6,0,7,13,1,2,21,11,23,18,10,9,15,22,14,12,8,19,16,17,24,5,4,3,20     101868 79.93  81 19 26 16 20 1,5,6,7,10,21 2,3,4,8,9,23 12,13,14,17,18,19 11,15,16,20,22,24
12,7,10,15,19,0,3,14,11,2,20,22,18,23,4,8,13,16,17,6,5,24,21,9,1       3168 79.63  89 28 17 22 22 1,3,5,6,7,20 12,13,17,18,22,23 2,4,8,9,14,19 10,11,15,16,21,24
1,16,0,23,5,17,9,15,4,11,8,18,22,21,2,13,20,7,6,3,14,10,19,12,24       5040 80.01  86 22 23 25 16 1,2,5,6,7,22 15,16,17,20,21,23 9,10,11,12,13,14 3,4,8,18,19,24
16,3,21,8,20,0,19,22,2,18,6,10,17,4,13,9,1,23,24,12,11,15,7,5,14      49432 80.73  85 22 26 20 17 1,2,5,6,10,16 7,15,17,20,21,22 3,4,8,9,11,12 13,14,18,19,23,24
19,16,11,0,18,14,12,15,23,9,2,8,10,21,3,4,20,13,22,24,1,6,7,5,17      31077 79.40  91 26 27 19 19 1,3,5,6,7,20 2,4,9,18,19,23 8,10,11,12,13,14 15,16,17,21,22,24
14,4,10,13,19,17,23,8,7,1,3,21,11,5,24,16,20,2,9,6,18,15,22,0,12       6691 80.55  85 25 19 19 22 1,2,5,6,11,15 10,12,16,17,20,21 3,4,7,8,9,13 14,18,19,22,23,24
7,1,4,13,19,0,8,10,12,21,22,11,15,23,2,6,16,3,20,24,5,9,14,18,17         19 79.53  79 22 18 21 18 8,10,12,17,21,22 4,13,14,18,19,23 1,2,3,5,6,7 9,11,15,16,20,24
6,17,5,16,1,7,10,24,2,9,23,12,4,22,14,15,3,20,19,13,8,0,18,11,21    3693196 80.93  77 22 22 14 19 3,4,8,9,15,20 11,12,16,17,21,22 1,2,5,6,7,10 13,14,18,19,23,24
18,11,14,5,20,16,8,12,9,22,21,19,6,4,13,1,10,23,24,17,7,3,15,0,2       3358 79.32  89 26 23 21 19 7,14,15,16,20,21 3,4,5,8,9,22 1,2,6,10,11,12 13,17,18,19,23,24
18,3,4,20,14,1,6,11,7,16,12,0,15,17,22,9,21,13,2,24,23,19,5,8,10       3108 79.96  83 21 26 23 13 7,8,13,16,17,18 9,15,20,21,22,23 1,2,3,5,6,10 4,11,12,14,19,24
14,5,17,4,10,3,24,13,15,2,16,20,22,7,9,8,19,0,23,6,12,1,11,18,21     135558 80.27  85 19 21 22 23 7,8,9,12,13,17 1,5,15,16,20,21 2,3,4,6,10,11 14,18,19,22,23,24
21,6,15,12,1,0,9,13,22,4,20,16,24,7,23,14,18,8,5,10,3,17,11,19,2     269233 81.13  87 20 21 27 19 3,4,7,8,12,13 15,16,17,20,21,22 1,2,5,6,10,11 9,14,18,19,23,24
17,12,7,9,1,5,22,0,24,16,8,18,3,20,23,13,6,19,21,4,15,2,14,11,10     831150 80.81  87 22 22 23 20 3,8,12,13,17,18 11,15,16,20,21,22 1,2,5,6,7,10 4,9,14,19,23,24
20,2,1,9,13,11,19,6,23,7,18,5,3,14,24,15,4,10,0,8,17,22,21,12,16       1626 80.52  76 23 19 16 18 3,4,9,12,18,19 15,16,17,20,21,22 1,2,5,6,10,11 7,8,13,14,23,24
3,21,17,22,9,13,2,4,10,24,19,15,7,20,5,11,0,6,14,1,8,23,16,18,12       1519 79.77  88 25 22 19 22 1,5,7,11,12,17 15,16,20,21,22,23 2,3,6,9,10,13 4,8,14,18,19,24
20,24,8,16,13,9,14,12,10,17,22,2,11,3,7,4,15,1,0,19,5,21,18,23,6         15 79.62  92 24 26 21 21 3,4,7,8,13,16 1,5,6,15,20,21 2,9,10,11,12,14 17,18,19,22,23,24
7,11,1,22,19,23,17,12,24,21,10,15,5,14,8,16,13,9,0,18,2,3,20,4,6       3729 81.24  88 23 21 24 20 3,4,7,8,9,14 15,16,17,20,21,22 1,2,5,6,10,11 12,13,18,19,23,24
11,8,13,23,16,6,12,21,2,15,19,4,18,9,10,3,20,22,14,5,7,17,24,0,1       4357 80.14  93 23 21 30 19 15,16,17,20,21,22 2,4,8,9,13,23 1,5,6,7,10,11 3,12,14,18,19,24
13,10,11,2,23,24,6,8,12,7,16,14,4,18,19,9,1,0,21,15,5,22,3,17,20        192 81.13  87 23 20 19 25 3,4,7,8,12,13 15,16,17,20,21,22 1,2,5,6,10,11 9,14,18,19,23,24
8,10,5,13,17,21,24,7,6,19,14,20,2,15,3,9,12,22,11,18,16,0,23,1,4        190 79.72  87 22 20 23 22 10,14,15,16,20,21 9,11,12,17,22,23 1,2,5,6,7,8 3,4,13,18,19,24
14,4,8,7,5,22,0,21,9,13,1,12,16,23,17,20,15,24,18,6,10,11,19,2,3       2263 80.83  82 24 15 19 24 1,2,5,6,10,18 11,12,15,16,20,21 3,4,7,8,9,13 14,17,19,22,23,24
12,5,1,9,14,20,24,16,19,10,13,6,8,21,0,7,17,22,23,11,4,15,3,18,2     107275 79.71  82 16 21 27 18 6,7,15,16,17,20 1,5,10,11,13,21 2,3,4,8,9,12 14,18,19,22,23,24
16,2,21,8,1,3,4,24,23,5,11,7,18,12,9,10,17,15,19,20,13,22,14,0,6        154 80.15  83 22 20 23 18 2,6,10,11,13,16 7,15,17,20,21,22 1,3,4,5,8,9 12,14,18,19,23,24
7,2,8,9,14,4,17,0,11,23,18,13,1,19,15,20,10,16,21,24,22,6,12,3,5   90906438 81.36  73 18 17 23 15 3,4,7,8,9,12 15,16,17,20,21,22 1,2,5,6,10,11 13,14,18,19,23,24
9,24,12,15,13,4,8,1,6,10,0,17,16,20,23,2,18,21,22,3,19,14,7,5,11   44675221 80.63  98 24 22 26 26 3,7,9,12,13,14 11,15,16,20,21,22 1,2,5,6,8,10 4,17,18,19,23,24
13,17,16,20,5,10,6,19,14,11,2,9,4,3,12,8,24,18,21,7,15,1,22,0,23      12204 80.60  87 22 21 22 22 3,4,11,12,14,19 15,16,17,20,21,22 1,2,5,6,7,10 8,9,13,18,23,24
12,22,19,18,8,14,16,13,15,5,24,9,17,6,11,21,10,1,20,4,2,3,0,23,7     231588 80.14  94 23 21 27 23 6,7,9,11,12,13 15,16,17,20,21,22 1,2,3,4,5,8 10,14,18,19,23,24
13,21,20,14,3,24,19,12,17,15,6,1,23,9,11,4,2,7,0,10,22,5,8,16,18     972573 80.64  94 25 25 22 22 7,12,13,15,16,20 1,2,5,6,10,21 3,4,8,9,11,14 17,18,19,22,23,24
10,1,8,21,9,0,14,11,17,22,3,5,15,6,20,16,4,2,12,18,23,19,13,7,24       1480 80.51  81 22 22 19 18 8,11,15,16,20,21 7,12,13,17,22,23 1,2,3,5,6,10 4,9,14,18,19,24
6,21,7,12,10,9,15,13,18,1,22,4,5,17,19,23,11,0,24,8,14,2,3,16,20   20764065 80.69  87 23 19 27 18 3,7,9,12,13,14 11,15,16,17,20,21 1,2,4,5,6,10 8,18,19,22,23,24
9,22,19,8,2,21,5,4,18,7,20,15,23,1,16,24,3,11,14,13,0,12,17,6,10        199 80.32  88 29 18 20 21 1,5,6,9,10,21 11,15,16,17,20,22 2,3,4,7,8,12 13,14,18,19,23,24
8,14,15,9,4,5,13,18,6,2,12,0,21,7,1,20,11,24,3,22,19,10,17,23,16      20835 80.48  73 17 17 22 17 4,8,9,13,14,18 3,7,11,12,16,21 1,2,5,6,10,15 17,19,20,22,23,24
16,3,2,12,7,14,15,13,17,23,0,20,1,11,4,18,5,19,6,8,24,9,22,21,10     424093 80.87  84 21 18 24 21 4,7,8,9,13,14 11,12,15,16,17,20 1,2,3,5,6,10 18,19,21,22,23,24
3,4,22,24,6,21,18,0,15,17,7,13,8,12,5,19,23,10,16,11,20,14,1,9,2   23148615 80.78  93 19 21 30 23 4,8,9,12,13,14 11,15,16,19,20,21 1,2,3,5,6,10 7,17,18,22,23,24
16,17,8,10,2,24,11,4,3,1,5,19,7,12,6,23,0,22,21,20,18,9,14,13,15      58762 80.00  88 17 23 19 29 6,7,11,12,16,17 10,13,15,20,21,22 1,2,3,4,5,8 9,14,18,19,23,24
11,14,17,6,20,18,21,8,10,23,24,19,22,15,12,13,7,3,5,16,4,2,1,0,9       1609 78.97 107 30 23 24 30 1,5,12,13,16,18 2,7,11,14,21,22 3,4,6,8,9,17 10,15,19,20,23,24
23,11,3,5,4,22,2,7,0,1,10,21,12,18,6,8,16,15,14,17,9,13,19,20,24          6 79.58  78 26 23 14 15 8,9,13,15,16,21 1,3,4,5,22,23 2,6,7,10,11,12 14,17,18,19,20,24
10,24,8,17,2,13,16,7,12,6,20,9,22,15,0,23,21,3,18,11,4,14,19,1,5       1716 79.53  92 16 20 25 31 2,6,7,11,16,21 3,8,12,13,17,22 4,9,10,14,15,20 1,5,18,19,23,24
7,1,19,2,3,15,24,6,23,9,13,18,10,22,17,5,12,0,11,16,14,4,8,21,20   31112380 80.89  81 14 19 23 25 1,2,5,6,10,15 11,12,13,16,17,18 3,4,7,8,9,14 19,20,21,22,23,24
7,13,2,8,12,14,18,4,23,11,1,16,9,10,0,24,5,3,17,19,21,15,6,20,22      65868 80.22  78 15 21 22 20 1,5,15,16,20,21 2,3,6,7,10,23 4,8,9,11,13,14 12,17,18,19,22,24
20,0,21,12,17,19,23,22,4,1,2,13,16,8,9,3,6,7,18,11,15,24,10,5,14         33 79.28  91 20 27 20 24 11,13,14,16,18,19 1,2,5,7,10,22 3,4,8,9,12,17 6,15,20,21,23,24
20,21,13,8,17,19,24,18,7,22,1,23,10,9,2,11,5,15,4,3,0,12,6,14,16       4410 80.13  92 25 19 23 25 1,5,11,12,20,21 3,4,7,8,9,22 2,6,10,15,16,17 13,14,18,19,23,24
21,23,10,13,22,2,9,1,0,17,8,4,19,24,6,7,14,11,18,3,16,5,12,20,15        988 80.39  94 23 24 24 23 7,11,15,16,20,21 3,12,13,14,17,22 1,2,5,6,9,10 4,8,18,19,23,24
4,21,20,14,17,0,6,23,19,3,8,2,22,10,24,11,1,15,9,13,16,7,12,18,5         94 80.10  87 21 22 27 17 10,11,15,16,20,21 7,12,17,18,22,23 1,2,4,5,6,8 3,9,13,14,19,24
19,14,9,22,4,16,5,7,6,3,24,17,10,23,2,15,0,13,12,11,8,21,18,1,20       1293 80.93  84 18 17 23 26 3,4,7,8,9,14 13,15,16,17,20,21 1,2,5,6,10,11 12,18,19,22,23,24
20,24,21,3,11,22,12,8,23,18,16,7,15,2,17,13,4,6,14,10,19,1,0,5,9    3393220 81.10  94 29 21 18 26 1,2,5,6,10,14 11,12,15,16,20,21 3,4,7,8,9,13 17,18,19,22,23,24
12,9,22,11,1,14,15,17,20,8,23,5,13,10,0,2,4,24,21,19,7,6,18,16,3       7419 79.90  96 22 26 28 20 1,5,10,13,15,20 6,7,11,12,17,22 2,3,4,8,9,14 16,18,19,21,23,24
17,18,10,15,6,24,14,11,21,23,9,5,1,20,19,3,4,12,13,8,16,7,0,2,22     108990 80.24 102 22 30 24 26 2,7,8,12,13,14 3,4,15,16,20,21 1,5,6,9,10,11 17,18,19,22,23,24
11,16,6,4,23,2,0,10,21,13,24,5,1,12,22,7,8,9,17,14,20,3,15,19,18    6056316 80.81  76 15 18 19 24 11,12,15,16,20,21 4,8,9,13,14,22 1,2,5,6,7,10 3,17,18,19,23,24
14,13,23,5,4,0,10,20,3,15,2,6,18,19,7,9,8,21,12,1,22,16,11,17,24   31477446 81.36  77 16 20 22 19 3,4,7,8,9,12 15,16,17,20,21,22 1,2,5,6,10,11 13,14,18,19,23,24
5,22,16,0,6,18,23,8,4,3,21,7,15,10,14,20,17,11,2,1,24,9,19,13,12      10395 79.01  79 20 23 17 19 11,12,13,16,17,18 1,6,8,10,14,22 2,3,4,5,7,9 15,19,20,21,23,24
19,12,15,13,3,2,0,20,9,1,11,24,10,23,8,21,7,18,16,22,14,17,6,4,5    1962120 80.92  88 18 20 25 25 3,4,7,8,9,13 12,15,17,20,21,22 1,2,5,6,10,11 14,16,18,19,23,24
5,10,3,14,0,20,16,23,1,2,24,11,9,12,4,17,6,7,15,19,8,13,18,22,21      39108 79.94  74 18 21 15 20 15,17,19,20,21,22 7,8,12,13,18,23 1,5,6,10,11,16 2,3,4,9,14,24
19,15,24,8,13,22,5,21,1,10,12,16,11,9,23,7,17,14,6,20,4,0,18,2,3     388225 80.95  95 21 25 24 25 11,12,15,16,20,21 1,2,5,6,10,22 3,4,8,9,13,14 7,17,18,19,23,24
0,20,10,12,24,21,6,4,13,1,9,16,18,5,17,22,11,8,15,14,2,19,3,7,23         12 79.51  86 22 24 19 21 3,7,8,12,17,18 4,9,19,20,21,22 2,6,10,11,15,16 1,5,13,14,23,24
13,10,21,7,17,9,3,18,8,12,1,14,19,5,16,22,0,23,6,20,24,4,15,11,2      64576 80.64  96 22 24 26 24 7,8,12,13,17,18 3,4,9,14,16,19 1,2,5,6,10,11 15,20,21,22,23,24
22,12,14,11,7,3,13,0,2,21,24,8,18,9,1,17,5,19,20,23,10,16,6,15,4   43798986 81.36  87 19 25 24 19 3,4,7,8,9,12 15,16,17,20,21,22 1,2,5,6,10,11 13,14,18,19,23,24
0,19,13,10,5,21,18,15,12,8,7,9,22,3,4,24,20,1,2,23,17,11,16,14,6        780 79.84  90 23 17 26 24 16,17,19,20,21,22 2,3,4,8,12,23 1,5,6,10,11,15 7,9,13,14,18,24
20,17,11,16,0,14,3,18,13,24,2,21,5,8,10,1,15,4,22,23,9,7,6,19,12        261 79.21  92 23 22 25 22 2,6,11,14,17,18 1,5,7,15,20,21 3,4,8,9,10,13 12,16,19,22,23,24
12,2,16,3,13,11,23,19,18,10,17,1,21,8,6,7,0,22,4,5,20,15,24,9,14     147948 80.83  78 18 15 22 23 3,4,8,9,13,14 15,16,17,20,21,22 2,6,7,10,11,12 1,5,18,19,23,24
20,2,13,14,8,17,11,16,4,10,6,22,12,18,24,15,7,0,19,3,23,21,5,1,9       1464 80.49  79 15 20 24 20 4,7,8,12,13,22 15,16,17,20,21,23 1,2,5,6,10,11 3,9,14,18,19,24
16,15,20,11,2,24,7,21,13,22,12,8,10,4,5,9,0,6,19,18,1,14,17,23,3     321849 80.52  92 26 20 22 24 3,4,15,16,20,21 11,12,13,14,17,22 1,2,5,6,7,10 8,9,18,19,23,24
21,12,19,0,7,22,24,18,11,14,2,8,10,5,13,17,6,16,9,15,3,23,20,1,4    3337257 81.09  93 23 22 23 25 3,4,8,9,13,14 11,12,15,16,17,21 1,2,5,6,7,10 18,19,20,22,23,24
15,23,7,16,20,13,12,8,24,14,6,0,22,3,10,17,21,5,19,4,18,1,11,2,9         12 79.46  91 20 31 22 18 11,12,13,16,17,22 1,5,18,20,21,23 2,6,9,10,15,19 3,4,7,8,14,24
12,20,17,24,8,19,23,15,13,1,14,6,18,10,7,16,2,3,11,21,5,22,0,4,9       5425 80.10  92 21 22 25 24 3,4,8,11,17,18 15,16,20,21,22,23 1,2,5,6,10,14 7,9,12,13,19,24
6,11,7,23,9,12,19,13,1,22,21,15,4,18,10,0,2,8,17,3,5,14,24,20,16         90 80.42  83 21 24 19 19 1,5,6,10,11,12 13,14,18,19,22,23 2,3,4,7,8,9 15,16,17,20,21,24
9,13,24,21,10,4,11,22,18,7,12,17,16,5,23,14,3,8,2,20,0,15,1,6,19    2418402 80.35  94 18 28 28 20 11,12,13,14,15,17 3,4,9,16,20,21 1,2,5,6,7,10 8,18,19,22,23,24
2,6,16,4,19,7,21,12,8,22,9,15,13,3,18,23,1,20,5,11,0,24,10,17,14       1812 80.14  76 18 22 15 21 2,6,10,11,12,16 14,17,18,19,22,23 3,4,7,8,9,13 1,5,15,20,21,24
5,18,19,22,24,20,4,11,9,3,0,21,7,10,1,14,8,17,16,6,13,15,23,2,12         64 79.60  88 22 20 23 23 11,12,13,14,15,16 17,18,20,21,22,23 1,4,5,6,7,10 2,3,8,9,19,24
3,4,19,22,11,14,6,17,12,20,18,13,7,15,24,0,8,5,2,21,1,16,23,10,9      19132 80.89  93 19 28 25 21 7,8,12,13,17,18 11,15,16,20,21,22 1,2,3,5,6,10 4,9,14,19,23,24
22,12,3,11,9,6,15,1,14,17,10,8,4,13,16,23,7,21,0,5,24,19,18,2,20         21 79.16  84 17 26 21 20 7,8,10,15,19,21 2,11,12,16,17,22 1,3,4,5,6,9 13,14,18,20,23,24
2,18,16,4,12,5,24,21,13,0,11,6,8,9,15,19,1,10,22,3,14,7,17,23,20       1902 79.65  83 21 25 16 21 3,4,9,13,15,16 10,11,12,14,18,19 1,2,5,6,7,8 17,20,21,22,23,24
9,19,14,3,16,23,11,20,7,2,21,18,0,8,17,15,10,12,22,24,5,13,4,6,1        180 79.92  92 26 25 21 20 1,5,10,15,20,21 2,6,11,16,22,23 3,4,7,8,9,14 12,13,17,18,19,24
24,20,10,6,5,1,18,15,17,14,9,21,11,7,8,3,2,4,16,19,12,22,23,13,0       1323 79.51  86 22 21 22 21 2,11,12,15,17,18 4,9,14,20,21,22 1,3,5,6,7,10 8,13,16,19,23,24
23,5,1,16,4,17,6,12,19,18,3,9,20,24,14,11,2,21,10,22,0,15,13,8,7       1428 79.11  80 20 25 17 18 15,16,17,20,21,22 2,3,5,6,13,23 4,8,9,14,18,19 1,7,10,11,12,24
19,15,21,9,1,20,10,6,4,2,8,17,23,16,5,22,14,18,0,3,13,12,24,11,7     223839 80.62  88 23 21 22 22 1,5,6,10,20,21 11,12,15,16,17,22 2,3,4,7,8,9 13,14,18,19,23,24
22,18,16,4,10,23,12,3,9,13,24,2,20,14,1,11,7,21,6,5,15,17,0,8,19     386410 81.00  86 14 22 29 21 3,4,8,9,13,14 11,16,17,20,21,22 1,2,5,6,7,10 12,15,18,19,23,24
1,4,8,15,16,0,23,24,14,21,22,2,7,10,19,11,13,20,12,5,3,9,6,18,17         54 78.65  93 26 22 24 21 3,10,11,13,15,20 2,12,14,16,17,21 4,5,6,7,8,9 1,18,19,22,23,24
2,12,11,22,4,14,9,18,6,21,20,19,0,23,7,24,10,8,15,16,13,3,5,1,17 7786262484 81.00  88 18 22 24 24 3,4,7,8,11,12 15,16,17,20,21,22 1,2,5,6,9,10 13,14,18,19,23,24
7,4,6,9,18,14,20,8,22,2,15,17,5,1,0,12,21,24,16,11,23,3,19,10,13     427560 80.28  84 22 19 24 19 1,5,7,9,13,14 11,12,15,16,20,21 2,3,4,6,8,10 17,18,19,22,23,24
6,14,7,1,11,22,9,15,5,8,17,24,13,0,2,21,3,20,10,18,23,4,16,19,12          4 79.29  87 22 26 21 18 2,8,9,11,13,15 3,4,12,16,17,22 1,5,6,7,10,14 18,19,20,21,23,24
3,14,13,17,22,12,6,21,4,1,0,18,11,23,5,24,8,19,10,16,7,2,20,9,15   29121783 80.91  92 21 22 27 22 3,4,8,9,13,14 15,16,17,19,20,21 1,2,5,6,7,10 11,12,18,22,23,24
1,3,19,21,20,13,24,17,0,6,11,23,16,5,7,14,18,22,10,8,9,2,4,15,12        105 79.45 100 26 22 21 31 1,5,10,11,20,21 2,15,16,18,22,23 6,7,8,12,13,17 3,4,9,14,19,24
19,1,12,8,2,13,22,23,14,6,3,24,11,17,10,20,21,15,16,4,9,7,5,18,0      17475 80.22  86 20 17 24 25 1,2,5,6,16,17 7,10,11,15,20,21 3,4,8,9,13,14 12,18,19,22,23,24
21,14,5,23,6,13,8,7,19,12,18,3,2,24,10,0,9,17,16,11,15,20,1,22,4        756 79.45  85 23 20 21 21 1,3,5,6,11,15 9,14,16,17,20,21 2,7,8,10,12,13 4,18,19,22,23,24
18,20,4,1,21,19,15,17,12,10,3,24,16,23,7,9,2,6,8,0,13,11,22,5,14     661062 80.15  97 25 19 27 26 2,11,15,16,20,21 7,8,9,12,17,22 1,3,4,5,6,10 13,14,18,19,23,24
10,20,15,1,17,9,16,13,18,5,4,19,21,3,8,6,12,22,24,2,14,7,11,23,0    1590348 80.42  86 25 19 23 19 4,8,9,13,14,20 7,11,12,16,21,22 1,2,5,6,10,15 3,17,18,19,23,24
7,20,16,0,11,3,19,13,8,4,22,21,9,18,10,23,24,14,1,6,2,5,15,17,12      14487 80.10  91 20 19 30 22 3,4,8,9,10,16 12,13,14,17,18,19 1,2,5,6,11,15 7,20,21,22,23,24
8,24,10,2,13,0,3,20,22,6,1,23,4,11,14,19,18,15,5,17,9,16,12,21,7       2905 79.90  91 19 19 23 30 10,11,13,15,16,20 7,12,14,17,21,22 1,2,3,5,6,8 4,9,18,19,23,24
6,10,8,22,14,7,18,21,23,9,3,24,2,0,20,1,5,4,19,15,11,12,17,13,16     295692 80.67  85 23 20 18 24 11,12,15,16,19,20 1,2,5,6,10,21 3,4,7,8,9,14 13,17,18,22,23,24
15,22,12,14,1,11,2,24,7,23,16,13,18,6,10,9,3,19,5,0,4,20,21,8,17     235494 80.54  85 19 21 23 22 7,8,9,12,13,14 3,4,15,16,18,20 1,2,5,6,10,11 17,19,21,22,23,24
4,16,10,7,6,13,21,12,19,14,17,20,1,5,22,15,8,24,23,18,3,0,11,2,9         10 79.82  87 20 27 22 18 8,11,15,16,20,21 1,3,5,13,17,22 2,4,6,7,10,12 9,14,18,19,23,24
4,9,15,18,7,23,22,24,12,8,16,14,5,19,1,2,0,17,3,13,11,20,6,21,10       4101 80.27  90 21 25 22 22 10,11,15,16,20,21 1,2,5,6,17,22 3,4,7,8,9,18 12,13,14,19,23,24
14,3,19,15,4,10,21,1,11,12,0,17,7,5,9,16,2,6,18,8,20,23,24,13,22          3 79.70  72 22 21 12 17 2,6,10,14,15,20 1,5,16,17,19,21 3,4,7,8,9,12 11,13,18,22,23,24
18,16,0,7,12,14,20,23,5,8,11,4,17,15,24,9,3,10,19,6,21,1,13,2,22        466 79.56  92 20 26 24 22 1,5,11,12,16,21 2,6,10,18,19,22 3,4,7,8,9,13 14,15,17,20,23,24
5,2,17,11,6,22,0,10,21,7,24,20,13,8,23,18,14,16,4,3,19,1,9,12,15      29988 80.01  88 23 17 23 25 9,12,13,14,17,22 2,3,4,7,8,23 1,5,6,10,11,15 16,18,19,20,21,24
24,4,22,7,14,2,5,13,1,0,19,16,23,12,15,3,9,21,20,18,17,8,11,10,6        783 81.00  93 20 20 28 25 4,7,8,9,12,13 11,15,16,17,20,21 1,2,3,5,6,10 14,18,19,22,23,24
1,14,23,22,2,3,4,20,6,16,9,8,11,5,17,10,21,0,24,15,18,19,12,13,7       9768 79.61  89 20 26 20 23 8,9,10,11,20,21 12,16,17,18,22,23 1,2,3,5,6,7 4,13,14,15,19,24
3,24,19,5,11,7,13,2,15,10,17,4,20,8,16,0,6,14,1,21,12,23,22,18,9        243 79.88  93 25 22 20 26 6,10,11,12,16,17 4,9,13,14,18,19 1,2,3,5,7,8 15,20,21,22,23,24
22,13,17,12,3,0,23,4,19,10,6,15,24,18,14,20,9,11,2,21,8,1,7,16,5    6826462 80.66  89 19 17 26 27 15,16,17,20,21,22 3,4,14,18,19,23 1,2,5,6,10,11 7,8,9,12,13,24
20,3,6,23,8,17,14,1,18,0,15,16,12,9,7,13,21,4,2,22,11,19,24,10,5       4129 80.77  85 20 19 26 20 11,15,16,17,20,21 4,7,8,9,14,22 1,2,3,5,6,10 12,13,18,19,23,24
23,22,17,13,3,24,2,0,6,9,7,12,16,15,19,11,8,4,1,10,14,20,18,5,21      88872 80.50  89 21 15 26 27 2,4,8,9,13,14 11,12,15,16,17,20 1,3,5,6,7,10 18,19,21,22,23,24
16,9,7,5,18,0,1,6,11,22,8,2,20,13,15,4,24,23,14,10,19,21,17,3,12       2757 80.24  89 20 22 24 23 3,7,8,10,13,14 11,12,15,16,20,21 1,2,4,5,6,9 17,18,19,22,23,24
22,24,17,4,8,2,0,12,14,7,15,13,11,21,5,3,18,1,20,10,6,9,23,16,19         69 78.81  88 19 21 17 31 11,12,13,14,17,22 9,16,18,19,20,23 4,6,7,8,10,15 1,2,3,5,21,24
12,10,21,19,22,17,3,9,0,18,8,15,13,11,16,23,4,1,5,14,24,7,20,6,2        147 79.11  98 28 23 23 24 2,6,11,13,16,22 3,7,8,12,17,23 4,9,14,18,19,21 1,5,10,15,20,24
21,18,13,7,19,3,14,6,10,15,16,23,4,24,9,20,8,22,1,2,5,0,12,11,17   15259828 80.91  89 25 19 23 22 1,2,5,6,10,20 11,12,16,17,21,22 3,4,7,8,9,15 13,14,18,19,23,24
14,20,1,19,5,9,24,3,11,17,7,6,13,12,4,0,2,8,21,16,22,23,18,15,10      14325 80.26  87 17 23 24 23 3,4,8,12,13,17 9,11,14,20,21,22 1,2,5,6,7,10 15,16,18,19,23,24
19,8,21,11,1,5,2,0,4,14,24,16,12,6,13,10,17,3,22,23,20,18,15,9,7        238 79.58  75 19 22 16 18 1,2,5,6,11,15 7,8,19,20,21,23 3,4,9,12,13,14 10,16,17,18,22,24
17,23,0,7,24,21,4,8,3,19,22,14,2,11,9,12,1,15,5,6,13,18,16,10,20        270 80.28  94 21 26 28 19 12,15,16,20,21,22 11,13,14,17,18,23 1,2,4,5,6,10 3,7,8,9,19,24
10,23,21,12,9,14,8,6,16,1,17,24,15,7,13,5,11,22,3,0,20,2,18,4,19       2709 80.68  81 21 21 22 17 3,4,7,9,13,14 11,12,15,16,17,21 1,2,5,6,8,10 18,19,20,22,23,24
18,8,1,23,10,6,17,21,16,9,11,20,14,15,22,3,13,19,0,2,5,4,24,12,7      51660 80.67  92 22 22 28 20 1,5,6,10,11,15 16,17,20,21,22,23 2,3,4,7,8,9 12,13,14,18,19,24
19,23,2,15,22,10,18,14,24,9,17,6,0,11,7,3,20,16,4,13,21,12,1,8,5     781009 81.13  90 20 19 23 28 3,4,8,9,13,14 11,12,15,16,17,20 1,2,5,6,7,10 18,19,21,22,23,24
22,21,4,6,1,24,16,2,19,17,8,0,3,18,10,15,14,12,9,5,23,13,7,11,20         10 79.97  97 24 23 24 26 7,10,11,12,13,14 8,15,16,20,21,23 1,2,3,4,5,6 9,17,18,19,22,24
