0,1,2,5,6,7,10,11.pdb.zst

-#	%	size
	100.00	4066655040
 1	 20.32	 826399020
 2	 21.31	 866691476
 3	 19.29	 784481235
 4	 19.29	 784377325
 5	 18.53	 753420402
 6	 17.39	 707012674
 7	 16.68	 678242027
 8	 16.20	 658817706
 9	 16.10	 654800770
10	 15.61	 634849404
11	 15.43	 627555069
12	 15.04	 611463920
13	 14.90	 606013623
14	 14.57	 592583640
15	 13.81	 561509021
16	 13.28	 539880156
17	 11.79	 479308592
18	 11.28	 458914978
19	 10.63	 432378041
20	  9.44	 383812191
21	  8.67	 352510608
22	  7.93	 322371426

0,1,2,5,6,7,10,11.dpdb.zst

-#	%	size
	100.00	4066655040
 1	 13.86	 563526496
 2	 15.13	 615125055
 3	 12.52	 509002619
 4	 12.52	 509265496
 5	 13.08	 531762273
 6	 11.93	 485030858
 7	 11.06	 449835589
 8	 10.49	 426611742
 9	 10.36	 421119271
10	  9.82	 399363863
11	  9.55	 388163345
12	  9.15	 372254851
13	  9.04	 367737168
14	  8.75	 356014687
15	  8.25	 335472453
16	  7.66	 311439209
17	  6.48	 263518299
18	  6.16	 250622246
19	  5.70	 231939416
20	  4.79	 194834573
21	  4.25	 172876144
22	  3.73	 151810983

decompression: > 1 GiB/s

0,1,2,5,6,7,10,11.dpdb.xz

-#	%	size		MiB/s
	100.0	4066655040
0	 13.2	 536893968	29
1	 10.1	 411522024	31	
2	  9.1	 370754092	24
3	  8.5	 345811036	18
4	  7.3	 294846024	 4.0
5	  5.1	 205992792	 2.4
6	  4.8	 193591332	 1.8
7	  4.4	 178345168	 1.8
8	  4.0	 162697368	 1.7
9	  3.6	 145989028	 1.6
0e	  6.9	 282320628	 1.9

genpdb -j 1 -t 0,2,3,4,7,8,9: 85.116s
diffcode -j 1 -t 0,2,3,4,7,8,9: 5.393s
zstd --ultra -22: 56.302s (1.79%, 3235600)
xz -9e: 106.618s (1.7%, 2996596)

xz -9e 0,1,2,5,6,7,10,11.dpdb: 3474.41s
zstd --format=xz --ultra -22 0,1,2,5,6,7,10,11.dpdb: 2375.001s
zstd --ultra -22 0,1,2,5,6,7,10,11.dpdb: 2570.211s
xz -t 0,1,2,5,6,7,10,11.dpdb.zstd-xz: 14.199s (zstd --test identisch)
xz -t 0,1,2,5,6,7,10,11.dpdb.xz: 13.358s
zstd --test 0,1,2,5,6,7,10,11.dpdb.zst: 3.544s
