50 random instances by Richard E. Korf
From Richard E. Korf, Ariel Felner, "Disjoint pattern database heuristics", Artificial Intelligence 134 (2002) 9--22

no initial state                                                   dist    expanded nodes
 1 14,5,9,2,18,8,23,19,12,17,15,0,10,20,4,6,11,21,1,7,24,3,16,22,13  95     2,031,102,635
 2 16,5,1,12,6,24,17,9,2,22,4,10,13,18,19,20,0,23,7,21,15,11,8,3,14  96   211,884,984,525
 3 6,0,24,14,8,5,21,19,9,17,16,20,10,13,2,15,11,22,1,3,7,23,4,18,12  97    21,148,144,928
 4 18,14,0,9,8,3,7,19,2,15,5,12,1,13,24,23,4,21,10,20,16,22,11,6,17  98    10,991,471,966
 5 17,1,20,9,16,2,22,19,14,5,15,21,0,3,24,23,18,13,12,7,10,8,6,4,11 100     2,899,007,625
 6 2,0,10,19,1,4,16,3,15,20,22,9,6,18,5,13,12,21,8,17,23,11,24,7,14 101   103,460,814,368
 7 21,22,15,9,24,12,16,23,2,8,5,18,17,7,10,14,13,4,0,6,20,11,3,1,19 104   106,321,592,792
 8 7,13,11,22,12,20,1,18,21,5,0,8,14,24,19,9,4,17,16,10,23,15,3,2,6 108   116,202,273,788
 9 3,2,17,0,14,18,22,19,15,20,9,7,10,21,16,6,24,23,8,5,1,4,11,12,13 113 1,818,005,616,606
10 23,14,0,24,17,9,20,21,2,18,10,13,22,1,3,11,4,16,6,5,7,12,8,15,19 114 1,519,052,821,943
11 15,11,8,18,14,3,19,16,20,5,24,2,17,4,22,10,1,13,9,21,23,7,6,12,0 106 1,654,042,891,186
12 12,23,9,18,24,22,4,0,16,13,20,3,15,6,17,8,7,11,19,1,10,2,14,5,21 109   624,413,663,951
13 21,24,8,1,19,22,12,9,7,18,4,0,23,14,10,6,3,11,16,5,15,2,20,13,17 101     1,959,833,487
14 24,1,17,10,15,14,3,13,8,0,22,16,20,7,21,4,12,9,2,11,5,23,6,18,19 111 1,283,051,362,385
15 24,10,15,9,16,6,3,22,17,13,19,23,21,11,18,0,1,2,7,8,20,5,12,4,14 103   173,999,717,809
16 18,24,17,11,12,10,19,15,6,1,5,21,22,9,7,3,2,16,14,4,20,23,0,8,13  96     3,803,445,934
17 23,16,13,24,5,18,22,11,17,0,6,9,20,7,3,2,10,14,12,21,1,19,15,8,4 109   367,150,048,758
18 0,12,24,10,13,5,2,4,19,21,23,18,8,17,9,22,16,11,6,15,7,3,14,1,20 110   987,725,030,433
19 16,13,6,23,9,8,3,5,24,15,22,12,21,17,1,19,10,7,11,4,18,2,14,20,0 106   218,284,544,233
20 4,5,1,23,21,13,2,10,18,17,15,7,0,9,3,14,11,12,19,8,6,20,24,22,16  92   312,016,177,684
21 24,8,14,5,16,4,13,6,22,19,1,10,9,12,3,0,18,21,20,23,15,17,11,7,2 103   724,024,589,335
22 7,6,3,22,15,19,21,2,13,0,8,10,9,4,18,16,11,24,5,12,17,1,23,14,20  95     3,592,980,531
23 24,11,18,7,3,17,5,1,23,15,21,8,2,4,19,14,0,16,22,6,9,13,20,12,10 104   171,498,441,076
24 14,24,18,12,22,15,5,1,23,11,6,19,10,13,7,0,3,9,4,17,2,21,16,20,8 107   357,290,691,483
25 3,17,9,8,24,1,11,12,14,0,5,4,22,13,16,21,15,6,7,10,20,23,2,18,19  81       292,174,444
26 22,21,15,3,14,13,9,19,24,23,16,0,7,10,18,4,11,20,8,2,1,6,5,17,12 105    12,397,787,391
27 9,19,8,20,2,3,14,1,24,6,13,18,7,10,17,5,22,12,21,16,15,0,23,11,4  99    53,444,360,033
28 17,15,7,12,8,3,4,9,21,5,16,6,19,20,1,22,24,18,11,14,23,10,2,13,0  98     2,258,006,870
29 10,3,6,13,1,2,20,14,18,11,15,7,5,12,9,24,17,22,4,8,21,23,19,16,0  88     4,787,505,637
30 8,19,7,16,12,2,13,22,14,9,11,5,6,3,18,24,0,15,10,23,1,20,4,17,21  92     1,634,941,420
31 19,20,12,21,7,0,16,10,5,9,14,23,3,11,4,2,6,1,8,15,17,13,22,24,18  99    26,200,330,686
32 1,12,18,13,17,15,3,7,20,0,19,24,6,5,21,11,2,8,9,16,22,10,4,23,14  97       428,222,507
33 11,22,6,21,8,13,20,23,0,2,15,7,12,18,16,3,1,17,5,4,9,14,24,10,19 106 1,062,250,612,558
